GEBCO_4mb/gebco_2019_n27.0_s25.0_w-22.0_e-20.0.asc
ncols        480
nrows        480
xllcorner    -22.000000000000
yllcorner    25.000000000000
cellsize     0.004166666667
NODATA_value  9.9692099683868690468e+36
[rows 440 to 459 of 480, columns 135 to 179 of 480]
-4580.962890625 -4580.25146484375 -4579.560546875 -4578.87109375 -4578.1806640625 -4577.4814453125 -4576.71533203125 -4575.716796875 -4574.482421875 -4573.17236328125 -4571.8271484375 -4570.427734375 -4568.96728515625 -4567.4404296875 -4565.7392578125 -4563.5771484375 -4560.958984375 -4558.18994140625 -4555.42333984375 -4552.765625 -4550.22119140625 -4547.724609375 -4545.27490234375 -4542.9296875 -4540.6533203125 -4538.3056640625 -4535.75634765625 -4532.8740234375 -4529.61181640625 -4526.01513671875 -4522.16455078125 -4518.22314453125 -4514.16259765625 -4509.83349609375 -4505.4345703125 -4501.71044921875 -4498.65478515625 -4495.62939453125 -4493.03076171875 -4492.57763671875 -4494.28759765625 -4496.4453125 -4498.544921875 -4500.8994140625 -4503.5576171875
-4581.16455078125 -4580.6240234375 -4580.05908203125 -4579.478515625 -4578.90478515625 -4578.3642578125 -4577.83740234375 -4576.83544921875 -4575.359375 -4573.89697265625 -4572.4638671875 -4571.00341796875 -4569.51171875 -4568.03564453125 -4566.52978515625 -4564.29638671875 -4561.337890625 -4558.35546875 -4555.41796875 -4552.6953125 -4550.17724609375 -4547.6845703125 -4545.21337890625 -4542.896484375 -4540.70849609375 -4538.45458984375 -4536.048828125 -4533.3662109375 -4530.35107421875 -4527.013671875 -4523.32666015625 -4519.53662109375 -4515.56787109375 -4511.04248046875 -4506.009765625 -4502.30859375 -4499.83056640625 -4496.56689453125 -4492.62109375 -4492.2763671875 -4495.56640625 -4498.2646484375 -4500.2607421875 -4502.79931640625 -4506.0908203125
-4581.55029296875 -4581.0771484375 -4580.5751953125 -4580.0537109375 -4579.53564453125 -4579.044921875 -4578.5498046875 -4577.54248046875 -4576.02587890625 -4574.509765625 -4573.01953125 -4571.49560546875 -4569.93505859375 -4568.39111328125 -4566.81982421875 -4564.521484375 -4561.4970703125 -4558.4560546875 -4555.47216796875 -4552.71875 -4550.1865234375 -4547.69921875 -4545.25390625 -4542.9873046875 -4540.88232421875 -4538.75830078125 -4536.54345703125 -4534.123046875 -4531.4443359375 -4528.49755859375 -4525.19189453125 -4521.68701171875 -4517.91015625 -4513.568359375 -4508.75390625 -4505.29052734375 -4503.0673828125 -4500.07861328125 -4496.3564453125 -4496.0615234375 -4499.22216796875 -4501.72607421875 -4503.52880859375 -4505.86962890625 -4508.95654296875
-4582.123046875 -4581.6123046875 -4581.10986328125 -4580.5966796875 -4580.0751953125 -4579.53369140625 -4578.87548828125 -4577.857421875 -4576.48486328125 -4575.0048828125 -4573.49169921875 -4571.90234375 -4570.22900390625 -4568.498046875 -4566.60595703125 -4564.24658203125 -4561.42578125 -4558.4755859375 -4555.568359375 -4552.8154296875 -4550.22705078125 -4547.744140625 -4545.369140625 -4543.1650390625 -4541.1220703125 -4539.14697265625 -4537.1572265625 -4535.0546875 -4532.8115234375 -4530.43359375 -4527.79736328125 -4524.705078125 -4521.14453125 -4517.330078125 -4513.59716796875 -4510.58642578125 -4508.28955078125 -4506.14599609375 -4504.32470703125 -4504.02685546875 -4505.25390625 -4506.78076171875 -4508.31201171875 -4510.0810546875 -4512.1162109375
-4582.69189453125 -4582.16796875 -4581.6572265625 -4581.12890625 -4580.58447265625 -4580.0224609375 -4579.3515625 -4578.31298828125 -4576.92041015625 -4575.44921875 -4573.958984375 -4572.3095703125 -4570.4892578125 -4568.6123046875 -4566.59765625 -4564.177734375 -4561.35546875 -4558.42236328125 -4555.54052734375 -4552.79443359375 -4550.1962890625 -4547.71875 -4545.37158203125 -4543.23193359375 -4541.30859375 -4539.5263671875 -4537.82373046875 -4536.05322265625 -4534.24462890625 -4532.54931640625 -4530.7705078125 -4528.13232421875 -4524.67041015625 -4521.25634765625 -4518.26416015625 -4515.77392578125 -4513.8427734375 -4512.56982421875 -4511.9453125 -4511.62841796875 -4511.60302734375 -4512.15771484375 -4513.15966796875 -4514.2421875 -4515.294921875
-4583.2216796875 -4582.7216796875 -4582.21142578125 -4581.6494140625 -4581.0537109375 -4580.48974609375 -4579.9580078125 -4578.8779296875 -4577.2744140625 -4575.77685546875 -4574.40771484375 -4572.7119140625 -4570.67333984375 -4568.712890625 -4566.7705078125 -4564.294921875 -4561.28076171875 -4558.27587890625 -4555.37548828125 -4552.63916015625 -4550.06396484375 -4547.599609375 -4545.22900390625 -4543.1376953125 -4541.35205078125 -4539.74560546875 -4538.3798828125 -4536.873046875 -4535.3330078125 -4534.341796875 -4533.873046875 -4531.662109375 -4527.7685546875 -4524.587890625 -4522.29296875 -4520.2861328125 -4518.64599609375 -4518.1484375 -4518.8359375 -4518.5029296875 -4517.13623046875 -4516.89697265625 -4517.638671875 -4518.13037109375 -4518.189453125
-4583.77294921875 -4583.28662109375 -4582.767578125 -4582.13232421875 -4581.39794921875 -4580.68115234375 -4580.01904296875 -4578.861328125 -4577.22900390625 -4575.72021484375 -4574.33642578125 -4572.611328125 -4570.5322265625 -4568.53369140625 -4566.56103515625 -4564.04833984375 -4560.99365234375 -4557.9638671875 -4555.0634765625 -4552.3583984375 -4549.84375 -4547.4541015625 -4545.1455078125 -4543.06201171875 -4541.224609375 -4539.54833984375 -4538.1513671875 -4536.73779296875 -4535.40966796875 -4534.6650390625 -4534.46826171875 -4532.61865234375 -4529.18359375 -4526.486328125 -4524.65234375 -4523.052734375 -4521.76953125 -4521.58349609375 -4522.47607421875 -4522.13037109375 -4520.53662109375 -4519.97802734375 -4520.37451171875 -4520.4892578125 -4520.15087890625
-4584.34033203125 -4583.85498046875 -4583.35205078125 -4582.60693359375 -4581.61328125 -4580.57275390625 -4579.49658203125 -4578.23046875 -4576.77490234375 -4575.2841796875 -4573.7568359375 -4572.013671875 -4570.056640625 -4568.0576171875 -4565.95751953125 -4563.42431640625 -4560.46875 -4557.4609375 -4554.57568359375 -4551.92431640625 -4549.5166015625 -4547.27880859375 -4545.1513671875 -4543.04443359375 -4540.94580078125 -4538.92822265625 -4537.0791015625 -4535.5986328125 -4534.49169921875 -4533.54345703125 -4532.525390625 -4530.95947265625 -4528.91259765625 -4526.97314453125 -4525.3740234375 -4524.09228515625 -4523.21630859375 -4522.91943359375 -4523.00244140625 -4522.6416015625 -4521.8330078125 -4521.375 -4521.353515625 -4521.29931640625 -4521.1162109375
-4584.80224609375 -4584.3349609375 -4583.9775390625 -4583.12158203125 -4581.74072265625 -4580.38037109375 -4578.998046875 -4577.625 -4576.23779296875 -4574.7568359375 -4573.1943359375 -4571.42333984375 -4569.46484375 -4567.4853515625 -4565.4716796875 -4562.9189453125 -4559.84326171875 -4556.79345703125 -4553.875 -4551.27978515625 -4549.02490234375 -4546.96533203125 -4545.0751953125 -4542.96484375 -4540.580078125 -4538.2021484375 -4535.78076171875 -4534.2080078125 -4533.40283203125 -4532.2841796875 -4530.68798828125 -4529.3203125 -4528.2548828125 -4526.92236328125 -4525.546875 -4524.474609375 -4523.810546875 -4523.4052734375 -4523.15283203125 -4522.76806640625 -4522.26123046875 -4521.93359375 -4521.86572265625 -4521.75732421875 -4521.57763671875
-4584.9931640625 -4584.45654296875 -4584.025390625 -4583.0888671875 -4581.6162109375 -4580.15625 -4578.67431640625 -4577.22705078125 -4575.7861328125 -4574.24169921875 -4572.603515625 -4570.7685546875 -4568.7587890625 -4566.71875 -4564.6435546875 -4562.064453125 -4559.001953125 -4555.9775390625 -4553.08984375 -4550.53955078125 -4548.34716796875 -4546.3583984375 -4544.54296875 -4542.50244140625 -4540.17626953125 -4537.83935546875 -4535.4384765625 -4533.8720703125 -4533.04443359375 -4531.8515625 -4530.18798828125 -4528.919921875 -4528.1083984375 -4527.0048828125 -4525.76806640625 -4524.771484375 -4524.107421875 -4523.58203125 -4523.150390625 -4522.71533203125 -4522.2919921875 -4522.0029296875 -4521.89501953125 -4521.76025390625 -4521.59521484375
-4584.91357421875 -4584.2177734375 -4583.49951171875 -4582.5166015625 -4581.251953125 -4579.912109375 -4578.525390625 -4577.0439453125 -4575.45068359375 -4573.7705078125 -4571.99853515625 -4570.06396484375 -4567.96923828125 -4565.78173828125 -4563.4677734375 -4560.8505859375 -4557.95361328125 -4555.01953125 -4552.21484375 -4549.69482421875 -4547.4775390625 -4545.45751953125 -4543.55908203125 -4541.6689453125 -4539.75732421875 -4537.87890625 -4536.0947265625 -4534.65966796875 -4533.52099609375 -4532.32861328125 -4531.00341796875 -4529.75 -4528.59716796875 -4527.384765625 -4526.17578125 -4525.134765625 -4524.31005859375 -4523.62451171875 -4523.03564453125 -4522.5244140625 -4522.09228515625 -4521.75634765625 -4521.5234375 -4521.35498046875 -4521.24609375
-4584.7099609375 -4583.87060546875 -4583.0185546875 -4582.00634765625 -4580.8349609375 -4579.6474609375 -4578.4287109375 -4576.93603515625 -4575.162109375 -4573.3388671875 -4571.47900390625 -4569.4384765625 -4567.19775390625 -4564.865234375 -4562.42529296875 -4559.755859375 -4556.86865234375 -4553.93603515625 -4551.115234375 -4548.61376953125 -4546.4375 -4544.4130859375 -4542.4951171875 -4540.79541015625 -4539.318359375 -4537.951171875 -4536.67919921875 -4535.439453125 -4534.23095703125 -4533.10546875 -4531.9990234375 -4530.72216796875 -4529.27294921875 -4527.8369140625 -4526.50146484375 -4525.35546875 -4524.404296875 -4523.572265625 -4522.83447265625 -4522.23876953125 -4521.7744140625 -4521.36865234375 -4521.02294921875 -4520.81689453125 -4520.74609375
-4584.40576171875 -4583.44287109375 -4582.5576171875 -4581.5068359375 -4580.3125 -4579.2578125 -4578.35400390625 -4576.8603515625 -4574.77294921875 -4572.82861328125 -4570.99853515625 -4568.87841796875 -4566.42724609375 -4563.97265625 -4561.50341796875 -4558.7822265625 -4555.7998046875 -4552.7880859375 -4549.826171875 -4547.34619140625 -4545.33740234375 -4543.3515625 -4541.3486328125 -4539.82568359375 -4538.82177734375 -4537.91162109375 -4537.1474609375 -4536.09375 -4534.79541015625 -4533.77685546875 -4533.00244140625 -4531.70947265625 -4529.8701171875 -4528.18994140625 -4526.68017578125 -4525.43359375 -4524.41552734375 -4523.4658203125 -4522.55712890625 -4521.88818359375 -4521.43798828125 -4520.96435546875 -4520.4560546875 -4520.208984375 -4520.22705078125
-4583.90625 -4582.81103515625 -4581.8076171875 -4580.6826171875 -4579.45849609375 -4578.388671875 -4577.47265625 -4575.9775390625 -4573.90234375 -4571.97314453125 -4570.1494140625 -4568.0048828125 -4565.49658203125 -4562.970703125 -4560.4404296875 -4557.69970703125 -4554.7314453125 -4551.72802734375 -4548.77001953125 -4546.3408203125 -4544.431640625 -4542.546875 -4540.6396484375 -4539.23046875 -4538.36279296875 -4537.58984375 -4536.94775390625 -4536.00341796875 -4534.8046875 -4533.87158203125 -4533.1611328125 -4531.89453125 -4530.0439453125 -4528.33349609375 -4526.7861328125 -4525.49609375 -4524.4267578125 -4523.4169921875 -4522.44677734375 -4521.7294921875 -4521.24365234375 -4520.73291015625 -4520.1787109375 -4519.88037109375 -4519.8408203125
-4583.2216796875 -4581.978515625 -4580.74853515625 -4579.5126953125 -4578.2744140625 -4577.0498046875 -4575.7861328125 -4574.28369140625 -4572.548828125 -4570.7763671875 -4568.9501953125 -4566.84130859375 -4564.41796875 -4561.86328125 -4559.22412109375 -4556.5087890625 -4553.7001953125 -4550.79736328125 -4547.953125 -4545.60009765625 -4543.75390625 -4542.02783203125 -4540.37109375 -4539.00439453125 -4537.95166015625 -4537.00830078125 -4536.10205078125 -4535.18505859375 -4534.271484375 -4533.40185546875 -4532.49951171875 -4531.3017578125 -4529.80517578125 -4528.27294921875 -4526.82568359375 -4525.55517578125 -4524.45263671875 -4523.43408203125 -4522.5009765625 -4521.76220703125 -4521.20263671875 -4520.68994140625 -4520.20703125 -4519.8466796875 -4519.60400390625
-4582.4931640625 -4581.10791015625 -4579.6669921875 -4578.30908203125 -4577.02392578125 -4575.64404296875 -4574.140625 -4572.6181640625 -4571.09375 -4569.4912109375 -4567.82568359375 -4565.796875 -4563.376953125 -4560.82373046875 -4558.11279296875 -4555.46826171875 -4552.857421875 -4550.01025390625 -4547.02001953125 -4544.73486328125 -4543.189453125 -4541.62060546875 -4540.0400390625 -4538.6708984375 -4537.52783203125 -4536.4033203125 -4535.22412109375 -4534.30029296875 -4533.62109375 -4532.83447265625 -4531.9013671875 -4530.78173828125 -4529.49267578125 -4528.11376953125 -4526.73779296875 -4525.51220703125 -4524.44775390625 -4523.43505859375 -4522.4794921875 -4521.734375 -4521.193359375 -4520.6943359375 -4520.22216796875 -4519.8046875 -4519.427734375
-4581.818359375 -4580.3447265625 -4578.80224609375 -4577.33447265625 -4575.92529296875 -4574.40234375 -4572.767578125 -4571.1962890625 -4569.70458984375 -4568.1533203125 -4566.548828125 -4564.63427734375 -4562.3857421875 -4560.013671875 -4557.46435546875 -4554.9560546875 -4552.46044921875 -4549.71337890625 -4546.802734375 -4544.548828125 -4542.9931640625 -4541.40771484375 -4539.8134765625 -4538.40869140625 -4537.20166015625 -4536.00390625 -4534.765625 -4533.83349609375 -4533.1865234375 -4532.4228515625 -4531.50341796875 -4530.4423828125 -4529.25927734375 -4527.9814453125 -4526.67724609375 -4525.49462890625 -4524.453125 -4523.4541015625 -4522.5068359375 -4521.76025390625 -4521.212890625 -4520.71240234375 -4520.2333984375 -4519.77587890625 -4519.3271484375
-4581.21337890625 -4579.7099609375 -4578.17724609375 -4576.6201171875 -4575.0205078125 -4573.35009765625 -4571.6435546875 -4569.9970703125 -4568.40966796875 -4566.7900390625 -4565.10791015625 -4563.33349609375 -4561.45458984375 -4559.462890625 -4557.31005859375 -4554.9931640625 -4552.51708984375 -4549.91064453125 -4547.3203125 -4545.05615234375 -4543.14892578125 -4541.36669921875 -4539.689453125 -4538.22900390625 -4536.9794921875 -4535.81640625 -4534.71337890625 -4533.78759765625 -4533.015625 -4532.21728515625 -4531.31396484375 -4530.2861328125 -4529.142578125 -4527.91650390625 -4526.6767578125 -4525.5234375 -4524.47705078125 -4523.49169921875 -4522.5830078125 -4521.833984375 -4521.24658203125 -4520.73486328125 -4520.25048828125 -4519.77001953125 -4519.291015625
-4580.61962890625 -4579.111328125 -4577.6064453125 -4575.9853515625 -4574.21875 -4572.3857421875 -4570.54638671875 -4568.8251953125 -4567.19677734375 -4565.50341796875 -4563.7421875 -4562.1162109375 -4560.6357421875 -4559.091796875 -4557.36669921875 -4555.24658203125 -4552.76904296875 -4550.2197265625 -4547.75048828125 -4545.4521484375 -4543.328125 -4541.32373046875 -4539.46484375 -4537.94775390625 -4536.7568359375 -4535.6669921875 -4534.6318359375 -4533.73046875 -4532.94677734375 -4532.15234375 -4531.271484375 -4530.26416015625 -4529.12890625 -4527.900390625 -4526.6484375 -4525.50537109375 -4524.4873046875 -4523.50390625 -4522.57080078125 -4521.81298828125 -4521.2412109375 -4520.7421875 -4520.2646484375 -4519.76416015625 -4519.2509765625
-4579.93896484375 -4578.44921875 -4577.06201171875 -4575.4169921875 -4573.46728515625 -4571.48486328125 -4569.4599609375 -4567.70263671875 -4566.15966796875 -4564.41650390625 -4562.4501953125 -4560.947265625 -4559.94873046875 -4558.83837890625 -4557.62890625 -4555.6611328125 -4553.00048828125 -4550.4345703125 -4548.0341796875 -4545.7177734375 -4543.44970703125 -4541.25341796875 -4539.1044921875 -4537.5478515625 -4536.56005859375 -4535.552734375 -4534.51904296875 -4533.6484375 -4532.9404296875 -4532.19677734375 -4531.36376953125 -4530.3779296875 -4529.22998046875 -4527.962890625 -4526.61181640625 -4525.4677734375 -4524.537109375 -4523.54345703125 -4522.4951171875 -4521.7099609375 -4521.2109375 -4520.72802734375 -4520.26904296875 -4519.7333984375 -4519.14453125
