GEBCO_4mb/gebco_2019_n27.0_s25.0_w-22.0_e-20.0.asc
ncols        480
nrows        480
xllcorner    -22.000000000000
yllcorner    25.000000000000
cellsize     0.004166666667
NODATA_value  9.9692099683868690468e+36
[rows 200 to 219 of 480, columns 180 to 224 of 480]
-4573.43505859375 -4560.56640625 -4547.11474609375 -4533.23876953125 -4519.4853515625 -4506.04345703125 -4492.9375 -4480.23779296875 -4468.09716796875 -4456.64306640625 -4446.662109375 -4438.1904296875 -4430.5380859375 -4423.77880859375 -4418.8662109375 -4415.82861328125 -4413.77294921875 -4412.68115234375 -4413.111328125 -4415.0859375 -4418.0791015625 -4422.0830078125 -4427.38232421875 -4433.9755859375 -4441.5546875 -4450.00439453125 -4458.8994140625 -4468.21728515625 -4478.30712890625 -4489.09521484375 -4499.7587890625 -4510.2841796875 -4521.44287109375 -4533.1103515625 -4543.380859375 -4552.21875 -4561.4404296875 -4570.98046875 -4579.02734375 -4585.52978515625 -4592.19384765625 -4598.97314453125 -4603.95751953125 -4607.10693359375 -4610.26220703125
-4564.41162109375 -4549.755859375 -4534.82177734375 -4519.7099609375 -4504.69287109375 -4489.9736328125 -4475.712890625 -4461.98828125 -4448.85986328125 -4436.5908203125 -4425.74267578125 -4416.3720703125 -4408.0859375 -4400.97265625 -4395.61767578125 -4392.04248046875 -4389.693359375 -4388.4794921875 -4388.73291015625 -4390.46435546875 -4393.341796875 -4397.37744140625 -4402.888671875 -4409.85791015625 -4417.88916015625 -4426.736328125 -4436.2353515625 -4446.34423828125 -4457.0791015625 -4468.3330078125 -4479.82861328125 -4491.52392578125 -4503.55615234375 -4515.66748046875 -4527.0849609375 -4537.7578125 -4548.30126953125 -4558.60205078125 -4567.83642578125 -4575.95556640625 -4583.6689453125 -4590.9072265625 -4596.81103515625 -4601.35009765625 -4605.34814453125
-4555.50439453125 -4539.04541015625 -4522.548828125 -4506.00390625 -4489.58056640625 -4473.4638671875 -4458.00341796875 -4443.23828125 -4428.9755859375 -4415.505859375 -4403.75537109375 -4393.7734375 -4384.78857421875 -4376.88916015625 -4371.06640625 -4367.33642578125 -4364.7294921875 -4363.12744140625 -4363.18115234375 -4364.89892578125 -4367.63037109375 -4371.43798828125 -4377.15576171875 -4384.7744140625 -4393.396484375 -4402.72216796875 -4412.84130859375 -4423.724609375 -4435.15625 -4447.04443359375 -4459.3837890625 -4472.13330078125 -4485.162109375 -4498.21728515625 -4510.80517578125 -4522.89599609375 -4534.8515625 -4546.49951171875 -4556.96240234375 -4566.2109375 -4575.0302734375 -4583.34521484375 -4590.21484375 -4595.60302734375 -4600.40673828125
-4546.2568359375 -4528.169921875 -4510.17919921875 -4492.14111328125 -4474.26513671875 -4456.56689453125 -4439.91162109375 -4424.2685546875 -4408.74169921875 -4393.47998046875 -4380.8076171875 -4370.73974609375 -4361.0068359375 -4351.6533203125 -4345.337890625 -4342.07958984375 -4339.24951171875 -4336.798828125 -4336.6357421875 -4338.77587890625 -4341.33544921875 -4344.35986328125 -4350.26806640625 -4359.08154296875 -4368.40380859375 -4378.10400390625 -4388.8349609375 -4400.61181640625 -4412.78369140625 -4425.30908203125 -4438.50341796875 -4452.35400390625 -4466.50048828125 -4480.8193359375 -4494.5673828125 -4507.76708984375 -4521.17529296875 -4534.73828125 -4546.439453125 -4556.27978515625 -4566.26513671875 -4576.32470703125 -4584.21337890625 -4589.875 -4595.45068359375
-4535.94384765625 -4516.5283203125 -4497.29296875 -4478.0849609375 -4459.07275390625 -4440.25439453125 -4422.5048828125 -4405.79248046875 -4389.21240234375 -4372.94580078125 -4359.3818359375 -4348.54052734375 -4338.10498046875 -4328.11865234375 -4321.28271484375 -4317.609375 -4314.41552734375 -4311.64208984375 -4311.23828125 -4313.2236328125 -4315.68408203125 -4318.69140625 -4324.734375 -4333.83642578125 -4343.537109375 -4353.681640625 -4364.9521484375 -4377.36279296875 -4390.22265625 -4403.4892578125 -4417.51171875 -4432.27734375 -4447.38818359375 -4462.7138671875 -4477.53759765625 -4491.8759765625 -4506.4443359375 -4521.177734375 -4534.078125 -4545.14013671875 -4556.3291015625 -4567.54541015625 -4576.533203125 -4583.2314453125 -4589.7763671875
-4524.515625 -4504.05029296875 -4483.83740234375 -4463.8232421875 -4444.0107421875 -4424.52783203125 -4405.7900390625 -4387.82666015625 -4370.376953125 -4353.83984375 -4339.40966796875 -4327.14892578125 -4316.06103515625 -4306.2265625 -4298.8466796875 -4293.9208984375 -4290.2314453125 -4287.6279296875 -4286.955078125 -4288.232421875 -4290.64599609375 -4294.33935546875 -4300.45703125 -4308.9990234375 -4318.77392578125 -4329.40673828125 -4341.1455078125 -4353.96044921875 -4367.45556640625 -4381.5361328125 -4396.35986328125 -4411.88623046875 -4427.814453125 -4443.869140625 -4459.6904296875 -4475.23046875 -4490.67626953125 -4505.81884765625 -4519.88427734375 -4532.830078125 -4545.28271484375 -4557.07568359375 -4567.24462890625 -4575.7451171875 -4583.45849609375
-4512.59765625 -4491.19775390625 -4470.1416015625 -4449.419921875 -4428.82275390625 -4408.45166015625 -4388.7509765625 -4369.76513671875 -4351.23974609375 -4333.630859375 -4318.3115234375 -4305.34375 -4293.564453125 -4283.04541015625 -4275.115234375 -4269.7685546875 -4265.64697265625 -4262.595703125 -4261.6279296875 -4262.7666015625 -4265.0400390625 -4268.60888671875 -4274.7734375 -4283.53466796875 -4293.546875 -4304.42724609375 -4316.61962890625 -4330.0947265625 -4344.26123046875 -4359.0185546875 -4374.6513671875 -4391.12451171875 -4408.01220703125 -4425.01025390625 -4441.83251953125 -4458.40673828125 -4474.79638671875 -4490.82763671875 -4506.07177734375 -4520.47998046875 -4534.318359375 -4547.3642578125 -4558.76708984375 -4568.50048828125 -4577.3515625
-4500.59375 -4478.15283203125 -4456.32861328125 -4435.08544921875 -4413.673828125 -4392.1396484375 -4371.48388671875 -4351.71240234375 -4331.89453125 -4312.310546875 -4296.08251953125 -4283.22802734375 -4270.71630859375 -4258.58837890625 -4250.10693359375 -4245.27099609375 -4240.80126953125 -4236.5869140625 -4235.29296875 -4236.9521484375 -4238.96337890625 -4241.4853515625 -4247.6708984375 -4257.54443359375 -4267.98291015625 -4278.75927734375 -4291.38720703125 -4305.88623046875 -4320.7353515625 -4335.93310546875 -4352.373046875 -4370.0615234375 -4388.07568359375 -4406.1953125 -4424.0576171875 -4441.60986328125 -4459.05810546875 -4476.28271484375 -4492.7236328125 -4508.36279296875 -4523.68359375 -4538.55810546875 -4551.21337890625 -4561.6435546875 -4571.5908203125
-4488.83203125 -4465.73583984375 -4443.2548828125 -4421.3505859375 -4399.166015625 -4376.74267578125 -4355.19677734375 -4334.52099609375 -4313.6650390625 -4292.9814453125 -4275.8896484375 -4262.3955078125 -4249.1640625 -4236.2392578125 -4227.19677734375 -4222.04345703125 -4217.19140625 -4212.49560546875 -4210.83642578125 -4212.2490234375 -4213.92724609375 -4216.08984375 -4222.2392578125 -4232.39990234375 -4243.10107421875 -4254.07080078125 -4267.05029296875 -4282.07275390625 -4297.40869140625 -4313.0869140625 -4330.27294921875 -4348.98828125 -4368.052734375 -4387.1767578125 -4406.0869140625 -4424.75390625 -4443.314453125 -4461.65185546875 -4479.263671875 -4496.14892578125 -4512.75439453125 -4528.91552734375 -4542.8076171875 -4554.43115234375 -4565.56787109375
-4477.51123046875 -4454.06884765625 -4431.0439453125 -4408.42919921875 -4385.52294921875 -4362.4072265625 -4340.05908203125 -4318.4755859375 -4296.8115234375 -4275.69970703125 -4257.81396484375 -4243.16552734375 -4229.2314453125 -4216.08349609375 -4206.45849609375 -4200.380859375 -4195.12158203125 -4190.45166015625 -4188.38623046875 -4188.95458984375 -4190.20361328125 -4192.43896484375 -4198.49755859375 -4208.37353515625 -4219.18603515625 -4230.4560546875 -4243.68505859375 -4258.88671875 -4274.48681640625 -4290.4697265625 -4308.31884765625 -4328.048828125 -4348.1103515625 -4368.0244140625 -4387.95654296875 -4407.91064453125 -4427.6142578125 -4446.92138671875 -4465.6513671875 -4483.81396484375 -4501.5185546875 -4518.44384765625 -4533.5390625 -4546.8134765625 -4559.2646484375
-4466.88037109375 -4442.6796875 -4419.18505859375 -4396.38232421875 -4372.7802734375 -4348.3974609375 -4325.33544921875 -4303.54833984375 -4280.9140625 -4257.75439453125 -4239.14208984375 -4225.04541015625 -4210.39697265625 -4195.2255859375 -4184.97314453125 -4179.6982421875 -4174.06103515625 -4168.02685546875 -4165.5263671875 -4166.58056640625 -4167.30078125 -4167.7802734375 -4173.732421875 -4185.13134765625 -4196.18603515625 -4206.658203125 -4220.06201171875 -4236.42724609375 -4252.2431640625 -4267.501953125 -4285.93359375 -4307.58203125 -4328.751953125 -4349.228515625 -4370.1005859375 -4391.44921875 -4412.294921875 -4432.6240234375 -4452.40234375 -4471.68212890625 -4490.55517578125 -4508.85302734375 -4525.09326171875 -4539.322265625 -4553.07958984375
-4457.68603515625 -4433.19091796875 -4409.306640625 -4386.0322265625 -4361.91357421875 -4336.98974609375 -4313.36474609375 -4291.0126953125 -4267.84521484375 -4244.16845703125 -4224.9560546875 -4210.1845703125 -4194.89697265625 -4179.1103515625 -4168.14111328125 -4162.05712890625 -4155.67626953125 -4149.048828125 -4146.09814453125 -4146.84765625 -4147.4228515625 -4147.84912109375 -4153.7080078125 -4164.958984375 -4175.91748046875 -4186.38623046875 -4199.87109375 -4216.39697265625 -4232.46435546875 -4248.07421875 -4266.96923828125 -4289.1806640625 -4310.9765625 -4332.1259765625 -4353.74853515625 -4375.9169921875 -4397.5986328125 -4418.78173828125 -4439.48193359375 -4459.7412109375 -4479.58544921875 -4498.84130859375 -4516.1123046875 -4531.43359375 -4546.2275390625
-4450.03515625 -4425.70166015625 -4401.484375 -4377.42431640625 -4352.943359375 -4328.1904296875 -4304.126953125 -4280.8115234375 -4257.53759765625 -4234.92578125 -4215.224609375 -4198.47509765625 -4182.62939453125 -4167.72509765625 -4155.9462890625 -4147.33056640625 -4139.779296875 -4133.32177734375 -4129.90576171875 -4129.564453125 -4130.42822265625 -4132.59912109375 -4138.39013671875 -4147.7607421875 -4158.2685546875 -4169.53857421875 -4183.021484375 -4198.71240234375 -4215.06982421875 -4232.09423828125 -4251.3486328125 -4272.8134765625 -4294.77783203125 -4316.6923828125 -4338.88720703125 -4361.34228515625 -4383.556640625 -4405.38671875 -4426.8935546875 -4448.06005859375 -4468.69482421875 -4488.43798828125 -4506.63720703125 -4523.2724609375 -4538.85595703125
-4443.42578125 -4418.7744140625 -4394.22802734375 -4369.82177734375 -4344.9267578125 -4319.71728515625 -4295.22900390625 -4271.53271484375 -4247.87353515625 -4224.85107421875 -4204.68310546875 -4187.41162109375 -4171.01318359375 -4155.4873046875 -4142.85693359375 -4133.1162109375 -4124.2744140625 -4116.54931640625 -4112.640625 -4112.58447265625 -4113.76708984375 -4116.11572265625 -4121.859375 -4130.98876953125 -4141.1923828125 -4152.17724609375 -4165.62353515625 -4181.53564453125 -4198.1689453125 -4215.494140625 -4235.06884765625 -4256.8828125 -4279.244140625 -4301.5986328125 -4324.3095703125 -4347.33203125 -4370.08251953125 -4392.44287109375 -4414.71826171875 -4436.88330078125 -4458.48095703125 -4479.1083984375 -4498.20263671875 -4515.7431640625 -4532.14453125
-4437.9404296875 -4412.48974609375 -4387.62890625 -4363.33935546875 -4337.94775390625 -4311.5966796875 -4286.6796875 -4263.20703125 -4238.87939453125 -4213.9775390625 -4193.35693359375 -4176.99951171875 -4160.0625 -4142.517578125 -4129.06787109375 -4119.6552734375 -4109.4892578125 -4098.6953125 -4094.2666015625 -4096.2314453125 -4097.6689453125 -4098.572265625 -4104.234375 -4114.708984375 -4124.7705078125 -4134.27197265625 -4147.64013671875 -4164.92431640625 -4181.7685546875 -4198.24169921875 -4218.0810546875 -4241.34765625 -4264.3671875 -4286.8330078125 -4310.04150390625 -4333.99462890625 -4357.32421875 -4379.9755859375 -4402.99072265625 -4426.3916015625 -4449.11962890625 -4470.95751953125 -4490.91162109375 -4509.0166015625 -4526.275390625
-4434.30615234375 -4408.7314453125 -4383.64306640625 -4359.009765625 -4333.1611328125 -4306.3193359375 -4281.05517578125 -4257.35791015625 -4232.7265625 -4207.408203125 -4186.4248046875 -4169.73681640625 -4152.2880859375 -4134.03955078125 -4119.8896484375 -4109.77783203125 -4098.74072265625 -4087.02978515625 -4082.063232421875 -4083.867919921875 -4085.100830078125 -4085.66943359375 -4091.127197265625 -4101.533203125 -4111.39501953125 -4120.57763671875 -4133.76806640625 -4151.03271484375 -4167.78759765625 -4184.12939453125 -4204.08154296875 -4227.72314453125 -4251.1142578125 -4273.904296875 -4297.529296875 -4322.0107421875 -4345.87109375 -4369.05908203125 -4392.7197265625 -4416.8935546875 -4440.439453125 -4463.0859375 -4483.7880859375 -4502.5947265625 -4520.57763671875
-4432.623046875 -4407.6240234375 -4382.41796875 -4356.99267578125 -4330.69287109375 -4303.9013671875 -4278.4033203125 -4254.20068359375 -4229.6728515625 -4205.2958984375 -4184.06396484375 -4165.96044921875 -4148.04345703125 -4130.27685546875 -4115.560546875 -4103.86328125 -4092.3359375 -4081.550048828125 -4076.036376953125 -4075.817138671875 -4076.443115234375 -4077.58837890625 -4082.702880859375 -4091.809326171875 -4101.3896484375 -4111.20947265625 -4124.107421875 -4140.12841796875 -4156.47412109375 -4173.18505859375 -4193.076171875 -4216.18994140625 -4239.66748046875 -4262.8681640625 -4286.794921875 -4311.47265625 -4335.79638671875 -4359.671875 -4383.85400390625 -4408.3828125 -4432.447265625 -4455.515625 -4476.828125 -4496.41650390625 -4514.97265625
-4432.38232421875 -4407.54931640625 -4382.3134765625 -4356.64013671875 -4329.82373046875 -4302.02734375 -4276.39404296875 -4252.880859375 -4228.3466796875 -4203.05419921875 -4181.6533203125 -4164.11962890625 -4145.8056640625 -4126.666015625 -4111.4853515625 -4100.22021484375 -4088.062744140625 -4075.332275390625 -4069.273193359375 -4069.888671875 -4069.958740234375 -4069.3017578125 -4073.97998046875 -4084.022216796875 -4093.357666015625 -4101.8740234375 -4114.392578125 -4130.9560546875 -4146.79345703125 -4161.9453125 -4181.64892578125 -4205.95703125 -4229.66552734375 -4252.45263671875 -4276.5615234375 -4302.06982421875 -4326.80908203125 -4350.7822265625 -4375.35986328125 -4400.62548828125 -4425.30810546875 -4449.1474609375 -4470.953125 -4490.7861328125 -4509.88232421875
-4433.69189453125 -4409.08056640625 -4383.93115234375 -4358.22412109375 -4331.39111328125 -4303.634765625 -4278.025390625 -4254.533203125 -4230.11328125 -4204.9599609375 -4183.470703125 -4165.62890625 -4147.04638671875 -4127.70361328125 -4112.1796875 -4100.45263671875 -4087.953125 -4074.966064453125 -4068.392578125 -4068.240478515625 -4067.65087890625 -4066.50390625 -4070.64599609375 -4080.087646484375 -4088.95458984375 -4097.11669921875 -4109.1806640625 -4125.17822265625 -4140.5439453125 -4155.35986328125 -4174.740234375 -4198.72216796875 -4222.212890625 -4244.9052734375 -4269.0029296875 -4294.56689453125 -4319.4404296875 -4343.60791015625 -4368.3916015625 -4393.8603515625 -4418.76318359375 -4442.85986328125 -4465.00390625 -4485.23876953125 -4504.7275390625
-4436.51318359375 -4412.25048828125 -4387.283203125 -4361.64404296875 -4335.25244140625 -4308.6259765625 -4283.17724609375 -4258.95361328125 -4234.79296875 -4211.0048828125 -4189.49267578125 -4170.26904296875 -4151.52099609375 -4133.2900390625 -4117.517578125 -4104.2392578125 -4091.6845703125 -4080.3671875 -4073.305419921875 -4070.532470703125 -4069.155029296875 -4069.00244140625 -4072.535400390625 -4079.713134765625 -4087.912353515625 -4096.8369140625 -4108.3857421875 -4122.57080078125 -4137.4833984375 -4153.28125 -4172.2275390625 -4194.310546875 -4217.14599609375 -4240.10595703125 -4264.01904296875 -4288.8642578125 -4313.61376953125 -4338.1083984375 -4362.927734375 -4388.06787109375 -4412.80419921875 -4436.623046875 -4458.97216796875 -4479.83203125 -4499.5859375
