GEBCO_4mb/gebco_2019_n27.0_s25.0_w-22.0_e-20.0.asc
ncols        480
nrows        480
xllcorner    -22.000000000000
yllcorner    25.000000000000
cellsize     0.004166666667
NODATA_value  9.9692099683868690468e+36
[rows 140 to 159 of 480, columns 45 to 89 of 480]
-4781.865234375 -4782.39208984375 -4782.662109375 -4782.693359375 -4782.53173828125 -4782.28466796875 -4782.001953125 -4781.671875 -4781.3349609375 -4781.10888671875 -4780.99951171875 -4780.89306640625 -4780.716796875 -4780.38916015625 -4779.9091796875 -4779.35693359375 -4778.78955078125 -4778.25732421875 -4777.7685546875 -4777.294921875 -4776.8017578125 -4776.2255859375 -4775.578125 -4774.94189453125 -4774.35009765625 -4773.7822265625 -4773.23486328125 -4772.71630859375 -4772.1845703125 -4771.53466796875 -4770.76318359375 -4769.9736328125 -4769.22216796875 -4768.57080078125 -4768.015625 -4767.4931640625 -4766.9541015625 -4766.34375 -4765.666015625 -4764.9677734375 -4764.23876953125 -4763.337890625 -4762.25634765625 -4761.12744140625 -4759.99365234375
-4782.17919921875 -4782.7890625 -4783.12060546875 -4783.14208984375 -4782.9013671875 -4782.53759765625 -4782.1416015625 -4781.75390625 -4781.3994140625 -4781.08544921875 -4780.81005859375 -4780.5517578125 -4780.24658203125 -4779.7900390625 -4779.16796875 -4778.46533203125 -4777.75830078125 -4777.17431640625 -4776.71435546875 -4776.25439453125 -4775.7314453125 -4775.0869140625 -4774.3310546875 -4773.53955078125 -4772.77197265625 -4772.1328125 -4771.6142578125 -4771.09814453125 -4770.541015625 -4769.94921875 -4769.3310546875 -4768.685546875 -4768.04345703125 -4767.44384765625 -4766.89599609375 -4766.376953125 -4765.84130859375 -4765.1845703125 -4764.3955078125 -4763.54638671875 -4762.66845703125 -4761.8330078125 -4761.033203125 -4760.18798828125 -4759.29052734375
-4782.5966796875 -4783.34912109375 -4783.7783203125 -4783.77001953125 -4783.34521484375 -4782.80029296875 -4782.2607421875 -4781.7890625 -4781.40185546875 -4781.0009765625 -4780.5791015625 -4780.21435546875 -4779.85986328125 -4779.29345703125 -4778.48828125 -4777.61376953125 -4776.6953125 -4776.05712890625 -4775.69384765625 -4775.26025390625 -4774.73388671875 -4774.01220703125 -4773.10693359375 -4772.14697265625 -4771.15283203125 -4770.45458984375 -4770.03857421875 -4769.5478515625 -4768.9599609375 -4768.4189453125 -4767.939453125 -4767.40234375 -4766.8330078125 -4766.27099609375 -4765.73828125 -4765.23974609375 -4764.7705078125 -4764.08349609375 -4763.154296875 -4762.177734375 -4761.13330078125 -4760.37646484375 -4759.89453125 -4759.31005859375 -4758.634765625
-4782.83251953125 -4783.75927734375 -4784.53125 -4784.5107421875 -4783.712890625 -4782.94873046875 -4782.26318359375 -4781.6806640625 -4781.203125 -4780.72119140625 -4780.220703125 -4779.78076171875 -4779.353515625 -4778.71728515625 -4777.84375 -4776.90185546875 -4775.921875 -4775.232421875 -4774.8310546875 -4774.32861328125 -4773.70361328125 -4772.90087890625 -4771.92578125 -4770.9013671875 -4769.85009765625 -4769.115234375 -4768.68359375 -4768.1904296875 -4767.6123046875 -4767.099609375 -4766.6630859375 -4766.1708984375 -4765.63232421875 -4765.07470703125 -4764.51953125 -4763.9853515625 -4763.4873046875 -4762.80419921875 -4761.91455078125 -4760.99853515625 -4760.02978515625 -4759.36767578125 -4758.9990234375 -4758.53564453125 -4757.9775390625
-4782.7451171875 -4783.66650390625 -4784.48681640625 -4784.4765625 -4783.6640625 -4782.85546875 -4782.0927734375 -4781.40185546875 -4780.7900390625 -4780.23974609375 -4779.7333984375 -4779.2490234375 -4778.72607421875 -4778.0595703125 -4777.234375 -4776.330078125 -4775.43017578125 -4774.67626953125 -4774.0673828125 -4773.39990234375 -4772.61669921875 -4771.74609375 -4770.79296875 -4769.80419921875 -4768.85302734375 -4768.10009765625 -4767.54296875 -4767.02197265625 -4766.48779296875 -4765.98095703125 -4765.50390625 -4765.00537109375 -4764.466796875 -4763.87890625 -4763.25048828125 -4762.60595703125 -4761.9677734375 -4761.32275390625 -4760.662109375 -4759.99951171875 -4759.34423828125 -4758.79345703125 -4758.34033203125 -4757.8671875 -4757.32861328125
-4782.5302734375 -4783.26123046875 -4783.70654296875 -4783.69384765625 -4783.244140625 -4782.57275390625 -4781.78759765625 -4781.0078125 -4780.2822265625 -4779.68408203125 -4779.19677734375 -4778.71533203125 -4778.1748046875 -4777.50244140625 -4776.6904296875 -4775.80078125 -4774.89453125 -4774.0673828125 -4773.3056640625 -4772.48828125 -4771.58447265625 -4770.65576171875 -4769.71484375 -4768.74072265625 -4767.79345703125 -4767.02783203125 -4766.4501953125 -4765.92236328125 -4765.3974609375 -4764.88623046875 -4764.390625 -4763.88818359375 -4763.34765625 -4762.71630859375 -4761.9853515625 -4761.2001953125 -4760.42578125 -4759.83154296875 -4759.42236328125 -4759.046875 -4758.66259765625 -4758.22802734375 -4757.75 -4757.26708984375 -4756.76025390625
-4782.3037109375 -4782.87353515625 -4783.03271484375 -4783.005859375 -4782.8037109375 -4782.25439453125 -4781.41357421875 -4780.5615234375 -4779.703125 -4779.07861328125 -4778.67333984375 -4778.22265625 -4777.712890625 -4777.04443359375 -4776.21484375 -4775.31884765625 -4774.35302734375 -4773.4638671875 -4772.634765625 -4771.68603515625 -4770.62451171875 -4769.6337890625 -4768.72216796875 -4767.72802734375 -4766.67919921875 -4765.89306640625 -4765.3818359375 -4764.85791015625 -4764.31884765625 -4763.79296875 -4763.2890625 -4762.79638671875 -4762.28955078125 -4761.62744140625 -4760.7841796875 -4759.8544921875 -4758.8525390625 -4758.30419921875 -4758.22216796875 -4758.111328125 -4757.9912109375 -4757.66064453125 -4757.14013671875 -4756.67138671875 -4756.22802734375
-4781.7822265625 -4782.2470703125 -4782.31298828125 -4782.27392578125 -4782.146484375 -4781.70166015625 -4780.95849609375 -4780.1767578125 -4779.35302734375 -4778.720703125 -4778.27587890625 -4777.7734375 -4777.22705078125 -4776.5625 -4775.78125 -4774.95556640625 -4774.03857421875 -4773.1123046875 -4772.162109375 -4771.07861328125 -4769.91015625 -4768.8544921875 -4767.916015625 -4766.9111328125 -4765.845703125 -4765.02197265625 -4764.4501953125 -4763.85302734375 -4763.24658203125 -4762.6826171875 -4762.17138671875 -4761.6806640625 -4761.17822265625 -4760.52197265625 -4759.68896484375 -4758.771484375 -4757.7880859375 -4757.271484375 -4757.22998046875 -4757.15869140625 -4757.07958984375 -4756.81494140625 -4756.3837890625 -4755.99951171875 -4755.63232421875
-4780.9970703125 -4781.40185546875 -4781.51806640625 -4781.4697265625 -4781.2861328125 -4780.94482421875 -4780.4609375 -4779.890625 -4779.2685546875 -4778.64013671875 -4778.01220703125 -4777.3583984375 -4776.6865234375 -4776.01708984375 -4775.36376953125 -4774.70947265625 -4773.99365234375 -4773.05224609375 -4771.8798828125 -4770.634765625 -4769.40283203125 -4768.28857421875 -4767.2841796875 -4766.2919921875 -4765.31005859375 -4764.43505859375 -4763.66650390625 -4762.9091796875 -4762.16650390625 -4761.54150390625 -4761.03662109375 -4760.54443359375 -4760.0146484375 -4759.4013671875 -4758.69970703125 -4757.94921875 -4757.2275390625 -4756.7314453125 -4756.4560546875 -4756.203125 -4755.92724609375 -4755.6923828125 -4755.5 -4755.2734375 -4754.98486328125
-4780.31787109375 -4780.6962890625 -4780.8017578125 -4780.74609375 -4780.52978515625 -4780.28662109375 -4780.02978515625 -4779.66015625 -4779.21533203125 -4778.58544921875 -4777.78662109375 -4776.96875 -4776.1435546875 -4775.45263671875 -4774.92041015625 -4774.4501953125 -4774.03466796875 -4773.08984375 -4771.61279296875 -4770.1962890625 -4768.85888671875 -4767.70263671875 -4766.70458984375 -4765.728515625 -4764.7685546875 -4763.84326171875 -4762.9404296875 -4762.0205078125 -4761.0703125 -4760.37646484375 -4759.9365234375 -4759.45458984375 -4758.919921875 -4758.35888671875 -4757.7822265625 -4757.1884765625 -4756.6201171875 -4756.1552734375 -4755.76953125 -4755.34375 -4754.81640625 -4754.6015625 -4754.68701171875 -4754.626953125 -4754.4150390625
-4779.6591796875 -4780.04736328125 -4780.1982421875 -4780.203125 -4780.05615234375 -4779.89794921875 -4779.73974609375 -4779.4599609375 -4779.07177734375 -4778.423828125 -4777.53857421875 -4776.609375 -4775.68798828125 -4774.939453125 -4774.388671875 -4773.91796875 -4773.5068359375 -4772.55908203125 -4771.07568359375 -4769.6572265625 -4768.322265625 -4767.16259765625 -4766.15771484375 -4765.17919921875 -4764.21337890625 -4763.251953125 -4762.28076171875 -4761.28466796875 -4760.2607421875 -4759.49853515625 -4758.99560546875 -4758.46240234375 -4757.90673828125 -4757.384765625 -4756.90771484375 -4756.443359375 -4755.99609375 -4755.5947265625 -4755.2138671875 -4754.77294921875 -4754.24072265625 -4754.0546875 -4754.19970703125 -4754.2021484375 -4754.0419921875
-4779.015625 -4779.4404296875 -4779.70849609375 -4779.8466796875 -4779.861328125 -4779.7744140625 -4779.59619140625 -4779.3125 -4778.8837890625 -4778.2001953125 -4777.2763671875 -4776.267578125 -4775.28662109375 -4774.44775390625 -4773.7548828125 -4773.10986328125 -4772.41015625 -4771.45849609375 -4770.2578125 -4769.00537109375 -4767.7861328125 -4766.66015625 -4765.62646484375 -4764.6328125 -4763.6533203125 -4762.67333984375 -4761.685546875 -4760.69384765625 -4759.7314453125 -4758.904296875 -4758.20947265625 -4757.5498046875 -4756.93212890625 -4756.431640625 -4756.04931640625 -4755.7109375 -4755.384765625 -4755.0830078125 -4754.79443359375 -4754.48486328125 -4754.181640625 -4754.03857421875 -4754.04443359375 -4754.01806640625 -4753.88671875
-4778.482421875 -4778.953125 -4779.32763671875 -4779.60986328125 -4779.77978515625 -4779.74951171875 -4779.537109375 -4779.248046875 -4778.8466796875 -4778.11376953125 -4777.05224609375 -4775.9033203125 -4774.79345703125 -4773.8583984375 -4773.0751953125 -4772.2822265625 -4771.40087890625 -4770.44189453125 -4769.412109375 -4768.3076171875 -4767.18212890625 -4766.09814453125 -4765.072265625 -4764.078125 -4763.09619140625 -4762.109375 -4761.1142578125 -4760.125 -4759.1669921875 -4758.28173828125 -4757.45849609375 -4756.654296875 -4755.91015625 -4755.42578125 -4755.1953125 -4755.00146484375 -4754.78662109375 -4754.599609375 -4754.44677734375 -4754.28076171875 -4754.12109375 -4754.02978515625 -4754.0068359375 -4753.97607421875 -4753.875
-4778.04150390625 -4778.54931640625 -4779.01318359375 -4779.4306640625 -4779.7939453125 -4779.7919921875 -4779.45849609375 -4779.16455078125 -4778.9267578125 -4778.1513671875 -4776.82275390625 -4775.5087890625 -4774.21630859375 -4773.21728515625 -4772.4619140625 -4771.58056640625 -4770.52099609375 -4769.5439453125 -4768.66357421875 -4767.6474609375 -4766.55859375 -4765.4990234375 -4764.498046875 -4763.51416015625 -4762.541015625 -4761.55126953125 -4760.54345703125 -4759.54541015625 -4758.5693359375 -4757.6455078125 -4756.74951171875 -4755.81201171875 -4754.82666015625 -4754.3671875 -4754.42138671875 -4754.3857421875 -4754.2353515625 -4754.15234375 -4754.1591796875 -4754.115234375 -4754.044921875 -4754.00341796875 -4754.00244140625 -4754.001953125 -4753.97314453125
-4777.67822265625 -4778.19677734375 -4778.70458984375 -4779.1728515625 -4779.56494140625 -4779.541015625 -4779.1357421875 -4778.7509765625 -4778.43994140625 -4777.654296875 -4776.37890625 -4775.1376953125 -4773.90087890625 -4772.91064453125 -4772.12109375 -4771.1953125 -4770.09619140625 -4769.08203125 -4768.162109375 -4767.109375 -4765.99072265625 -4764.9208984375 -4763.92529296875 -4762.94287109375 -4761.962890625 -4760.9716796875 -4759.9677734375 -4758.9619140625 -4757.97021484375 -4757.048828125 -4756.1748046875 -4755.25927734375 -4754.2958984375 -4753.876953125 -4753.9921875 -4754.02587890625 -4753.9462890625 -4753.92919921875 -4753.99951171875 -4754.015625 -4753.99658203125 -4753.9873046875 -4754.00048828125 -4754.013671875 -4754.0087890625
-4777.35205078125 -4777.865234375 -4778.39453125 -4778.84912109375 -4779.12841796875 -4779.03369140625 -4778.5849609375 -4778.00341796875 -4777.35009765625 -4776.58642578125 -4775.71630859375 -4774.802734375 -4773.8779296875 -4772.96240234375 -4772.0498046875 -4771.10888671875 -4770.115234375 -4769.04931640625 -4767.90478515625 -4766.69580078125 -4765.47412109375 -4764.365234375 -4763.37255859375 -4762.38330078125 -4761.37158203125 -4760.38330078125 -4759.41162109375 -4758.400390625 -4757.37890625 -4756.49658203125 -4755.75146484375 -4755.00732421875 -4754.31396484375 -4753.9443359375 -4753.904296875 -4753.92333984375 -4753.92138671875 -4753.931640625 -4753.96435546875 -4753.9833984375 -4753.98779296875 -4753.98974609375 -4753.9951171875 -4753.9951171875 -4753.96484375
-4777.0029296875 -4777.5341796875 -4778.1337890625 -4778.6044921875 -4778.87744140625 -4778.6884765625 -4778.05517578125 -4777.25390625 -4776.29833984375 -4775.56298828125 -4775.06396484375 -4774.470703125 -4773.85009765625 -4773.01953125 -4772.01123046875 -4771.076171875 -4770.2060546875 -4769.10009765625 -4767.7314453125 -4766.34912109375 -4764.94970703125 -4763.80078125 -4762.884765625 -4761.89794921875 -4760.82421875 -4759.84765625 -4758.95654296875 -4757.94140625 -4756.8037109375 -4755.9716796875 -4755.455078125 -4754.86328125 -4754.26318359375 -4753.93359375 -4753.8974609375 -4753.91845703125 -4753.94970703125 -4753.966796875 -4753.9716796875 -4753.98046875 -4753.98974609375 -4753.99267578125 -4753.9912109375 -4753.986328125 -4753.96728515625
-4776.70263671875 -4777.32080078125 -4777.98876953125 -4778.4404296875 -4778.61181640625 -4778.3203125 -4777.6123046875 -4776.74951171875 -4775.75390625 -4775.0341796875 -4774.609375 -4774.1064453125 -4773.5654296875 -4772.7763671875 -4771.77587890625 -4770.84912109375 -4769.99267578125 -4768.8876953125 -4767.50244140625 -4766.1025390625 -4764.68798828125 -4763.5283203125 -4762.60400390625 -4761.61376953125 -4760.546875 -4759.59912109375 -4758.7568359375 -4757.7998046875 -4756.7158203125 -4755.92333984375 -4755.4384765625 -4754.88037109375 -4754.31396484375 -4753.99072265625 -4753.93505859375 -4753.9404296875 -4753.96728515625 -4753.9794921875 -4753.9765625 -4753.978515625 -4753.98388671875 -4753.98681640625 -4753.9873046875 -4753.98876953125 -4753.9931640625
-4776.42041015625 -4777.2138671875 -4777.99951171875 -4778.4013671875 -4778.32373046875 -4777.91064453125 -4777.25439453125 -4776.48974609375 -4775.6904296875 -4774.97265625 -4774.34619140625 -4773.71630859375 -4773.04248046875 -4772.2421875 -4771.32763671875 -4770.40283203125 -4769.46630859375 -4768.4052734375 -4767.203125 -4765.9404296875 -4764.67919921875 -4763.54296875 -4762.52734375 -4761.52294921875 -4760.5244140625 -4759.62109375 -4758.80712890625 -4757.9775390625 -4757.12158203125 -4756.35498046875 -4755.69091796875 -4755.0419921875 -4754.46435546875 -4754.11279296875 -4753.99560546875 -4753.96826171875 -4753.96337890625 -4753.966796875 -4753.97509765625 -4753.97509765625 -4753.97021484375 -4753.974609375 -4753.98779296875 -4753.99462890625 -4754.01416015625
-4775.99365234375 -4777.00927734375 -4778.140625 -4778.546875 -4778.14599609375 -4777.599609375 -4776.943359375 -4776.27685546875 -4775.62548828125 -4774.9033203125 -4774.109375 -4773.3310546875 -4772.55322265625 -4771.71923828125 -4770.8193359375 -4769.8955078125 -4768.953125 -4767.9609375 -4766.912109375 -4765.78662109375 -4764.62451171875 -4763.5341796875 -4762.50927734375 -4761.49560546875 -4760.5048828125 -4759.6552734375 -4758.94921875 -4758.26611328125 -4757.56884765625 -4756.81884765625 -4756.01953125 -4755.220703125 -4754.5068359375 -4754.1142578125 -4754.03369140625 -4754.0107421875 -4753.97216796875 -4753.96728515625 -4753.99560546875 -4753.9951171875 -4753.96826171875 -4753.97802734375 -4754.01904296875 -4754.02099609375 -4754.01318359375
