GEBCO_4mb/gebco_2019_n27.0_s25.0_w-22.0_e-20.0.asc
ncols        480
nrows        480
xllcorner    -22.000000000000
yllcorner    25.000000000000
cellsize     0.004166666667
NODATA_value  9.9692099683868690468e+36
[rows 220 to 239 of 480, columns 315 to 359 of 480]
-4453.833984375 -4454.29541015625 -4454.5234375 -4454.31201171875 -4453.6708984375 -4452.7763671875 -4451.5283203125 -4449.4267578125 -4446.48779296875 -4443.2939453125 -4440.21484375 -4437.65478515625 -4435.6103515625 -4433.734375 -4431.96142578125 -4430.4775390625 -4429.25634765625 -4428.04541015625 -4426.79443359375 -4425.67822265625 -4424.68017578125 -4423.5810546875 -4422.3525390625 -4421.13720703125 -4419.96337890625 -4418.73828125 -4417.50537109375 -4416.390625 -4415.4423828125 -4414.61962890625 -4413.88525390625 -4413.10009765625 -4412.30029296875 -4411.64697265625 -4410.98583984375 -4409.7724609375 -4408.04931640625 -4406.3369140625 -4404.35009765625 -4400.7509765625 -4395.52587890625 -4389.7880859375 -4382.875 -4372.13818359375 -4357.23486328125
-4451.83154296875 -4452.34375 -4452.64892578125 -4452.5244140625 -4452.02099609375 -4451.439453125 -4450.74462890625 -4448.71240234375 -4445.3310546875 -4441.82958984375 -4438.3603515625 -4435.8056640625 -4434.1201171875 -4432.3583984375 -4430.46875 -4429.04296875 -4428.0478515625 -4426.814453125 -4425.291015625 -4424.20654296875 -4423.541015625 -4422.52001953125 -4421.13916015625 -4419.986328125 -4419.11376953125 -4418.0400390625 -4416.84326171875 -4415.85009765625 -4415.1474609375 -4414.57958984375 -4414.16796875 -4413.34326171875 -4412.16259765625 -4411.28662109375 -4410.66552734375 -4409.0419921875 -4406.4765625 -4404.30078125 -4402.39404296875 -4397.51513671875 -4389.67041015625 -4382.02734375 -4374.236328125 -4361.16943359375 -4342.572265625
-4450.16552734375 -4450.5537109375 -4450.77734375 -4450.6435546875 -4450.2021484375 -4449.71923828125 -4449.13427734375 -4447.2138671875 -4443.93896484375 -4440.5302734375 -4437.14794921875 -4434.6962890625 -4433.12548828125 -4431.46533203125 -4429.66162109375 -4428.3251953125 -4427.42041015625 -4426.255859375 -4424.7802734375 -4423.7451171875 -4423.1298828125 -4422.13623046875 -4420.75634765625 -4419.5966796875 -4418.71630859375 -4417.6220703125 -4416.40234375 -4415.40869140625 -4414.7265625 -4414.1630859375 -4413.6982421875 -4412.73095703125 -4411.30224609375 -4410.072265625 -4408.99755859375 -4406.82470703125 -4403.58203125 -4400.53759765625 -4397.515625 -4391.2392578125 -4381.68896484375 -4372.0390625 -4362.029296875 -4346.68798828125 -4325.81689453125
-4448.8232421875 -4448.9033203125 -4448.85888671875 -4448.61962890625 -4448.19580078125 -4447.61767578125 -4446.70556640625 -4444.94775390625 -4442.337890625 -4439.419921875 -4436.5869140625 -4434.33984375 -4432.66259765625 -4431.09423828125 -4429.5625 -4428.34814453125 -4427.41845703125 -4426.41552734375 -4425.28759765625 -4424.31982421875 -4423.494140625 -4422.4775390625 -4421.2333984375 -4419.99365234375 -4418.80224609375 -4417.50732421875 -4416.18212890625 -4415.0673828125 -4414.21142578125 -4413.43115234375 -4412.56689453125 -4411.37158203125 -4409.83447265625 -4408.1240234375 -4406.1064453125 -4403.27978515625 -4399.587890625 -4395.32470703125 -4390.03564453125 -4382.28173828125 -4371.95166015625 -4360.13818359375 -4346.46044921875 -4328.87890625 -4307.1259765625
-4447.6103515625 -4447.3876953125 -4447.0810546875 -4446.69677734375 -4446.23193359375 -4445.6259765625 -4444.71728515625 -4443.154296875 -4440.9169921875 -4438.357421875 -4435.80859375 -4433.82177734375 -4432.3779296875 -4430.94921875 -4429.49267578125 -4428.4287109375 -4427.740234375 -4426.95458984375 -4425.98876953125 -4425.09912109375 -4424.28076171875 -4423.24658203125 -4421.96240234375 -4420.58984375 -4419.158203125 -4417.56640625 -4415.921875 -4414.6162109375 -4413.67236328125 -4412.71728515625 -4411.57177734375 -4410.1279296875 -4408.34814453125 -4406.2119140625 -4403.56103515625 -4400.0830078125 -4395.68798828125 -4390.41259765625 -4383.7822265625 -4374.59716796875 -4362.71630859375 -4348.95068359375 -4332.982421875 -4313.3359375 -4289.74267578125
-4446.49365234375 -4445.99853515625 -4445.41162109375 -4444.86376953125 -4444.36767578125 -4443.80615234375 -4443.1435546875 -4441.81982421875 -4439.78271484375 -4437.4873046875 -4434.9296875 -4433.26171875 -4432.42626953125 -4431.16796875 -4429.501953125 -4428.59765625 -4428.46142578125 -4427.92822265625 -4426.9375 -4426.119140625 -4425.4853515625 -4424.427734375 -4422.9697265625 -4421.43505859375 -4419.83837890625 -4417.8935546875 -4415.66455078125 -4414.1318359375 -4413.30908203125 -4412.240234375 -4410.85791015625 -4409.17236328125 -4407.15234375 -4404.693359375 -4401.63232421875 -4397.54541015625 -4392.36181640625 -4386.3154296875 -4379.15380859375 -4368.626953125 -4354.63232421875 -4339.16162109375 -4321.99072265625 -4300.5009765625 -4274.49267578125
-4445.564453125 -4444.7841796875 -4443.93994140625 -4443.19775390625 -4442.56689453125 -4441.916015625 -4441.2841796875 -4440.28125 -4438.861328125 -4437.298828125 -4435.41259765625 -4434.16259765625 -4433.5087890625 -4432.38720703125 -4430.8818359375 -4430.11669921875 -4430.10595703125 -4429.75048828125 -4428.9462890625 -4428.16455078125 -4427.41015625 -4426.21630859375 -4424.6396484375 -4422.93896484375 -4421.111328125 -4418.921875 -4416.45068359375 -4414.66748046875 -4413.57275390625 -4412.21044921875 -4410.537109375 -4408.60546875 -4406.3720703125 -4403.6591796875 -4400.22412109375 -4395.5380859375 -4389.521484375 -4382.48583984375 -4374.20166015625 -4362.38037109375 -4346.92578125 -4329.90087890625 -4311.1142578125 -4287.9375 -4260.23486328125
-4444.8212890625 -4443.73291015625 -4442.634765625 -4441.67919921875 -4440.83544921875 -4439.91455078125 -4438.96484375 -4438.34326171875 -4438.0712890625 -4437.80517578125 -4437.3857421875 -4436.62353515625 -4435.5693359375 -4434.49755859375 -4433.56103515625 -4432.9052734375 -4432.53662109375 -4432.310546875 -4432.02490234375 -4431.255859375 -4429.9736328125 -4428.52099609375 -4426.9482421875 -4425.1044921875 -4422.95458984375 -4420.62890625 -4418.27978515625 -4416.2451171875 -4414.494140625 -4412.650390625 -4410.60107421875 -4408.42822265625 -4406.06103515625 -4403.2119140625 -4399.5087890625 -4394.24267578125 -4387.2939453125 -4379.03173828125 -4369.0634765625 -4355.9873046875 -4339.6767578125 -4321.212890625 -4300.38671875 -4275.62060546875 -4246.81689453125
-4444.1650390625 -4442.79248046875 -4441.3701171875 -4440.2470703125 -4439.341796875 -4438.15283203125 -4436.6572265625 -4436.37890625 -4437.41552734375 -4438.43701171875 -4439.54248046875 -4439.2021484375 -4437.5673828125 -4436.4736328125 -4436.01953125 -4435.458984375 -4434.7939453125 -4434.763671875 -4435.2490234375 -4434.51611328125 -4432.5078125 -4430.8212890625 -4429.39794921875 -4427.478515625 -4424.9775390625 -4422.50439453125 -4420.1064453125 -4417.86279296875 -4415.70849609375 -4413.43994140625 -4410.9541015625 -4408.5751953125 -4406.228515625 -4403.40869140625 -4399.87255859375 -4394.09130859375 -4385.93994140625 -4376.64306640625 -4365.8955078125 -4351.65576171875 -4333.787109375 -4314.01953125 -4292.20556640625 -4265.91650390625 -4235.10302734375
-4443.56005859375 -4442.064453125 -4440.5517578125 -4439.380859375 -4438.47216796875 -4437.32373046875 -4435.9248046875 -4435.837890625 -4437.1611328125 -4438.51611328125 -4439.94091796875 -4439.81396484375 -4438.29736328125 -4437.328125 -4437.01806640625 -4436.5478515625 -4435.92626953125 -4435.97802734375 -4436.58642578125 -4435.9482421875 -4434.00439453125 -4432.4130859375 -4431.1044921875 -4429.24462890625 -4426.74609375 -4424.28271484375 -4421.88720703125 -4419.5322265625 -4417.14599609375 -4414.6328125 -4411.94140625 -4409.39208984375 -4406.88330078125 -4403.8681640625 -4400.04248046875 -4393.814453125 -4385.01904296875 -4374.87890625 -4363.13037109375 -4347.83740234375 -4328.85400390625 -4307.8017578125 -4284.53369140625 -4256.73828125 -4224.39599609375
-4442.986328125 -4441.51171875 -4440.134765625 -4439.0380859375 -4438.19091796875 -4437.3876953125 -4436.69970703125 -4436.64599609375 -4437.2578125 -4438.017578125 -4438.611328125 -4438.46875 -4437.68701171875 -4436.97265625 -4436.52001953125 -4436.12939453125 -4435.8271484375 -4435.84814453125 -4435.98779296875 -4435.5048828125 -4434.3671875 -4433.212890625 -4432.046875 -4430.38134765625 -4428.1806640625 -4425.89306640625 -4423.6376953125 -4421.27978515625 -4418.7607421875 -4416.158203125 -4413.509765625 -4410.8603515625 -4408.0517578125 -4404.67822265625 -4400.17529296875 -4393.61572265625 -4384.755859375 -4373.95849609375 -4360.927734375 -4344.70751953125 -4325.138671875 -4302.81982421875 -4277.54345703125 -4248.23388671875 -4214.8759765625
-4442.42578125 -4440.95654296875 -4439.6171875 -4438.6494140625 -4438.05615234375 -4437.62451171875 -4437.32470703125 -4437.23779296875 -4437.34716796875 -4437.49072265625 -4437.482421875 -4437.1875 -4436.65478515625 -4436.08203125 -4435.609375 -4435.26220703125 -4435.09814453125 -4435.17822265625 -4435.326171875 -4435.02099609375 -4434.2861328125 -4433.63671875 -4433.01318359375 -4431.60498046875 -4429.41845703125 -4427.28955078125 -4425.33642578125 -4423.068359375 -4420.40673828125 -4417.7529296875 -4415.17578125 -4412.5732421875 -4409.74853515625 -4406.37451171875 -4401.8544921875 -4395.17529296875 -4386.05712890625 -4374.8681640625 -4361.27880859375 -4344.27783203125 -4323.71630859375 -4300.2646484375 -4273.73095703125 -4242.90771484375 -4207.7919921875
-4441.90380859375 -4440.37939453125 -4438.9208984375 -4438.08642578125 -4437.89306640625 -4437.82763671875 -4437.82275390625 -4437.70166015625 -4437.431640625 -4437.09423828125 -4436.58154296875 -4436.0673828125 -4435.58349609375 -4435.0029296875 -4434.458984375 -4434.07568359375 -4433.94921875 -4434.1396484375 -4434.615234375 -4434.4296875 -4433.68115234375 -4433.49267578125 -4433.9169921875 -4432.76611328125 -4430.07275390625 -4428.09423828125 -4426.8291015625 -4424.77294921875 -4421.79736328125 -4419.17138671875 -4416.81787109375 -4414.45703125 -4411.88330078125 -4408.92919921875 -4405.13427734375 -4398.58984375 -4389.0263671875 -4377.74365234375 -4364.36572265625 -4346.7158203125 -4324.67822265625 -4300.1748046875 -4273.19677734375 -4240.8603515625 -4203.18408203125
-4441.5400390625 -4439.95654296875 -4438.4482421875 -4437.72607421875 -4437.8046875 -4437.99951171875 -4438.140625 -4438.00439453125 -4437.5634765625 -4436.95068359375 -4436.1337890625 -4435.36669921875 -4434.68212890625 -4433.892578125 -4433.1279296875 -4432.57666015625 -4432.3349609375 -4432.39892578125 -4432.7509765625 -4432.52783203125 -4431.83251953125 -4431.71826171875 -4432.2421875 -4431.3076171875 -4428.9541015625 -4427.35400390625 -4426.470703125 -4424.8134765625 -4422.2666015625 -4420.09033203125 -4418.1953125 -4416.28125 -4414.1630859375 -4411.71630859375 -4408.4365234375 -4402.25439453125 -4392.90625 -4381.8271484375 -4368.49267578125 -4350.2783203125 -4327.080078125 -4301.279296875 -4272.9931640625 -4239.134765625 -4199.74365234375
-4441.43310546875 -4439.75634765625 -4438.16015625 -4437.5322265625 -4437.87158203125 -4438.28369140625 -4438.44775390625 -4438.3056640625 -4437.859375 -4437.1171875 -4436.134765625 -4435.0869140625 -4434.01123046875 -4432.82373046875 -4431.640625 -4430.791015625 -4430.33056640625 -4430.0185546875 -4429.72607421875 -4429.302734375 -4428.78515625 -4428.35595703125 -4427.9580078125 -4427.1845703125 -4426.07421875 -4425.091796875 -4424.26220703125 -4423.171875 -4421.78955078125 -4420.484375 -4419.28564453125 -4417.98974609375 -4416.47412109375 -4414.61865234375 -4411.73974609375 -4406.11572265625 -4397.5166015625 -4387.01806640625 -4373.8818359375 -4355.171875 -4330.77783203125 -4303.34765625 -4273.052734375 -4237.65771484375 -4197.2060546875
-4441.73583984375 -4439.91259765625 -4437.7041015625 -4437.16796875 -4438.2939453125 -4438.99951171875 -4439.1494140625 -4438.96923828125 -4438.51025390625 -4437.625 -4436.3720703125 -4435.013671875 -4433.58447265625 -4431.90478515625 -4430.05908203125 -4428.83837890625 -4428.265625 -4427.58056640625 -4426.689453125 -4425.99267578125 -4425.48046875 -4424.70068359375 -4423.6025390625 -4422.93798828125 -4422.7509765625 -4422.369140625 -4421.8740234375 -4421.39794921875 -4420.982421875 -4420.59765625 -4420.2705078125 -4419.67431640625 -4418.77978515625 -4417.8134765625 -4416.40625 -4411.47021484375 -4402.8740234375 -4393.33740234375 -4382.310546875 -4363.1796875 -4335.85302734375 -4306.7158203125 -4275.90869140625 -4238.98095703125 -4195.97509765625
-4442.82763671875 -4441.28662109375 -4439.283203125 -4438.84765625 -4439.9765625 -4440.62109375 -4440.66455078125 -4440.345703125 -4439.72119140625 -4438.63818359375 -4437.13720703125 -4435.4453125 -4433.60107421875 -4431.4736328125 -4429.1904296875 -4427.57275390625 -4426.63623046875 -4425.58837890625 -4424.345703125 -4423.375 -4422.65234375 -4421.650390625 -4420.37109375 -4419.7568359375 -4419.85302734375 -4419.80859375 -4419.68896484375 -4419.76220703125 -4420.0849609375 -4420.4892578125 -4420.9052734375 -4420.96044921875 -4420.64599609375 -4420.2490234375 -4419.43994140625 -4415.16357421875 -4407.27099609375 -4398.359375 -4387.6181640625 -4368.115234375 -4339.76318359375 -4309.2578125 -4276.96533203125 -4238.5439453125 -4194.13720703125
-4444.77783203125 -4443.951171875 -4442.98193359375 -4442.64990234375 -4442.9736328125 -4443.19287109375 -4443.029296875 -4442.46533203125 -4441.5205078125 -4440.19091796875 -4438.48974609375 -4436.4404296875 -4434.08544921875 -4431.52685546875 -4429.01220703125 -4426.9892578125 -4425.47607421875 -4424.08349609375 -4422.69970703125 -4421.4775390625 -4420.40234375 -4419.28466796875 -4418.20654296875 -4417.583984375 -4417.4560546875 -4417.4833984375 -4417.658203125 -4418.185546875 -4419.10498046875 -4420.2158203125 -4421.26611328125 -4421.89306640625 -4422.0556640625 -4421.875 -4420.76513671875 -4417.11962890625 -4410.70556640625 -4402.2861328125 -4390.27880859375 -4370.4423828125 -4342.69287109375 -4310.97705078125 -4276.15576171875 -4236.1826171875 -4191.38134765625
-4447.3447265625 -4447.1611328125 -4446.74365234375 -4446.48876953125 -4446.4521484375 -4446.3232421875 -4445.904296875 -4445.0400390625 -4443.74365234375 -4442.14404296875 -4440.228515625 -4437.79345703125 -4434.8603515625 -4431.72314453125 -4428.6767578125 -4426.24072265625 -4424.42236328125 -4422.755859375 -4421.1259765625 -4419.66845703125 -4418.38134765625 -4417.1201171875 -4415.966796875 -4415.29443359375 -4415.12744140625 -4415.15576171875 -4415.41748046875 -4416.3212890625 -4417.92578125 -4419.85546875 -4421.74853515625 -4422.90283203125 -4423.337890625 -4423.61474609375 -4423.22265625 -4420.2646484375 -4414.6513671875 -4407.65087890625 -4397.33837890625 -4377.19140625 -4347.20458984375 -4313.7421875 -4277.90283203125 -4236.13330078125 -4188.84033203125
-4450.5478515625 -4450.82568359375 -4450.6279296875 -4450.37646484375 -4450.16796875 -4449.7724609375 -4449.15966796875 -4447.9560546875 -4446.1962890625 -4444.3095703125 -4442.30517578125 -4439.48828125 -4435.83544921875 -4432.01806640625 -4428.138671875 -4425.2978515625 -4423.48046875 -4421.5751953125 -4419.57958984375 -4417.8857421875 -4416.50390625 -4415.06689453125 -4413.58935546875 -4412.84619140625 -4412.84375 -4412.828125 -4412.85986328125 -4414.0244140625 -4416.443359375 -4419.23193359375 -4422.2958984375 -4423.8466796875 -4424.04541015625 -4424.9267578125 -4426.3681640625 -4423.935546875 -4417.8798828125 -4412.9501953125 -4408.404296875 -4387.84912109375 -4351.39501953125 -4315.65283203125 -4281.25927734375 -4237.40234375 -4184.42333984375
