GEBCO_980kb/gebco_2019_n26.0_s25.0_w-22.0_e-21.0.asc
ncols        240
nrows        240
xllcorner    -22.000000000000
yllcorner    25.000000000000
cellsize     0.004166666667
NODATA_value  9.9692099683868690468e+36
[rows 120 to 139 of 240, columns 184 to 229 of 240]
-4519.767578125 -4518.20166015625 -4517.92822265625 -4518.86279296875 -4519.7919921875 -4520.4990234375 -4521.4921875 -4522.83251953125 -4524.05810546875 -4525.0771484375 -4526.0283203125 -4526.95703125 -4527.77294921875 -4528.4208984375 -4528.7919921875 -4528.91796875 -4528.95166015625 -4528.9111328125 -4528.6650390625 -4528.2236328125 -4527.73486328125 -4527.17041015625 -4526.3056640625 -4525.14501953125 -4523.91552734375 -4522.60595703125 -4520.943359375 -4518.9423828125 -4516.92529296875 -4515.0546875 -4513.4677734375 -4512.1572265625 -4510.9990234375 -4509.97265625 -4509.171875 -4508.587890625 -4508.10546875 -4507.70263671875 -4507.4189453125 -4507.25927734375 -4507.16064453125 -4506.98046875 -4506.3671875 -4505.3232421875 -4504.205078125 -4503.17626953125
-4520.26025390625 -4518.4375 -4518.474609375 -4520.30615234375 -4521.45361328125 -4521.91943359375 -4522.96142578125 -4524.71923828125 -4526.18212890625 -4527.37353515625 -4528.31201171875 -4529.05859375 -4529.6962890625 -4530.1943359375 -4530.494140625 -4530.615234375 -4530.6455078125 -4530.6123046875 -4530.3388671875 -4529.85205078125 -4529.37744140625 -4528.91796875 -4527.96728515625 -4526.537109375 -4525.15478515625 -4523.8212890625 -4522.06640625 -4519.9091796875 -4517.87353515625 -4516.08447265625 -4514.599609375 -4513.421875 -4512.51318359375 -4511.83349609375 -4511.14404296875 -4510.44140625 -4509.955078125 -4509.6884765625 -4509.298828125 -4508.78955078125 -4508.48583984375 -4508.2890625 -4507.43408203125 -4505.89208984375 -4504.3701171875 -4502.93505859375
-4522.5224609375 -4521.3935546875 -4521.765625 -4523.57275390625 -4524.56494140625 -4524.87109375 -4525.75146484375 -4527.35498046875 -4528.71240234375 -4529.830078125 -4530.65771484375 -4531.2451171875 -4531.7314453125 -4532.10546875 -4532.3046875 -4532.34228515625 -4532.30224609375 -4532.205078125 -4531.86767578125 -4531.3125 -4530.76611328125 -4530.2255859375 -4529.17041015625 -4527.61083984375 -4526.0888671875 -4524.6240234375 -4522.7744140625 -4520.5654296875 -4518.51611328125 -4516.76611328125 -4515.392578125 -4514.3984375 -4513.7197265625 -4513.251953125 -4512.66650390625 -4511.95849609375 -4511.427734375 -4511.09521484375 -4510.58154296875 -4509.88720703125 -4509.38525390625 -4508.9912109375 -4507.9375 -4506.19775390625 -4504.48681640625 -4502.88427734375
-4526.57568359375 -4527.27783203125 -4528.00390625 -4528.6806640625 -4529.0478515625 -4529.28271484375 -4529.7900390625 -4530.64013671875 -4531.56640625 -4532.4248046875 -4533.0556640625 -4533.47216796875 -4533.82763671875 -4534.1171875 -4534.1982421875 -4534.0771484375 -4533.904296875 -4533.68310546875 -4533.248046875 -4532.60009765625 -4531.8994140625 -4531.10498046875 -4529.931640625 -4528.37353515625 -4526.712890625 -4524.994140625 -4523.04150390625 -4520.88330078125 -4518.80078125 -4517.025390625 -4515.76513671875 -4515.0244140625 -4514.603515625 -4514.279296875 -4513.7919921875 -4513.13232421875 -4512.5 -4511.93408203125 -4511.2802734375 -4510.53759765625 -4509.8408203125 -4509.07861328125 -4507.87255859375 -4506.22314453125 -4504.52490234375 -4502.98583984375
-4531 -4533.60595703125 -4534.71728515625 -4534.3134765625 -4533.83447265625 -4533.68896484375 -4533.73291015625 -4533.9404296875 -4534.45166015625 -4535.125 -4535.52490234375 -4535.642578125 -4535.8671875 -4536.18408203125 -4536.1396484375 -4535.7333984375 -4535.41455078125 -4535.18896484375 -4534.650390625 -4533.77880859375 -4532.93603515625 -4532.08642578125 -4530.7998046875 -4529.05126953125 -4527.2314453125 -4525.39453125 -4523.333984375 -4521.044921875 -4518.78662109375 -4516.833984375 -4515.68212890625 -4515.3388671875 -4515.3173828125 -4515.30712890625 -4514.9111328125 -4514.14013671875 -4513.36376953125 -4512.6591796875 -4511.859375 -4510.96728515625 -4510.14453125 -4509.28076171875 -4507.93310546875 -4506.123046875 -4504.3486328125 -4502.80712890625
-4534.8720703125 -4540.19482421875 -4541.65234375 -4539.32470703125 -4537.923828125 -4537.57861328125 -4537.224609375 -4536.73046875 -4536.9228515625 -4537.69384765625 -4537.8583984375 -4537.40625 -4537.490234375 -4538.12353515625 -4537.95361328125 -4536.97509765625 -4536.52685546875 -4536.57861328125 -4535.9609375 -4534.6337890625 -4533.68701171875 -4533.08447265625 -4531.7197265625 -4529.546875 -4527.5810546875 -4525.80615234375 -4523.68212890625 -4521.14208984375 -4518.6162109375 -4516.19677734375 -4515.13916015625 -4515.45751953125 -4515.92041015625 -4516.42236328125 -4516.07763671875 -4514.9384765625 -4513.97900390625 -4513.25146484375 -4512.29736328125 -4511.12841796875 -4510.224609375 -4509.54736328125 -4508.0390625 -4505.7333984375 -4503.76025390625 -4502.24267578125
-4536.5185546875 -4542.203125 -4543.83203125 -4541.50244140625 -4540.0224609375 -4539.56103515625 -4539.02880859375 -4538.29638671875 -4538.2373046875 -4538.7666015625 -4538.6943359375 -4538.009765625 -4537.88037109375 -4538.33837890625 -4538.04833984375 -4537.00244140625 -4536.51904296875 -4536.54638671875 -4535.89697265625 -4534.5263671875 -4533.53173828125 -4532.890625 -4531.51318359375 -4529.35498046875 -4527.4208984375 -4525.69140625 -4523.63330078125 -4521.17626953125 -4518.7392578125 -4516.40185546875 -4515.4130859375 -4515.78173828125 -4516.26708984375 -4516.75830078125 -4516.365234375 -4515.13818359375 -4514.052734375 -4513.17041015625 -4512.0458984375 -4510.6953125 -4509.5947265625 -4508.7138671875 -4507.0107421875 -4504.52001953125 -4502.357421875 -4500.63720703125
-4536.0087890625 -4539.75 -4541.36083984375 -4540.86669921875 -4540.1162109375 -4539.64892578125 -4539.1611328125 -4538.61962890625 -4538.36279296875 -4538.32177734375 -4538.017578125 -4537.427734375 -4536.9970703125 -4536.77587890625 -4536.375 -4535.78564453125 -4535.380859375 -4535.09619140625 -4534.46923828125 -4533.46337890625 -4532.466796875 -4531.48779296875 -4530.16259765625 -4528.46923828125 -4526.7451171875 -4525.03759765625 -4523.17578125 -4521.14990234375 -4519.1669921875 -4517.46533203125 -4516.5263671875 -4516.3408203125 -4516.39404296875 -4516.3564453125 -4515.81787109375 -4514.7822265625 -4513.62158203125 -4512.44091796875 -4511.126953125 -4509.69140625 -4508.27294921875 -4506.78466796875 -4504.849609375 -4502.49560546875 -4500.16162109375 -4498.013671875
-4535.02001953125 -4537.85888671875 -4539.36669921875 -4539.53515625 -4539.3525390625 -4539.20751953125 -4538.8564453125 -4538.31494140625 -4537.93359375 -4537.66748046875 -4537.1591796875 -4536.3642578125 -4535.58251953125 -4534.9287109375 -4534.427734375 -4534.07080078125 -4533.81640625 -4533.548828125 -4532.98681640625 -4532.1015625 -4531.1142578125 -4530.0556640625 -4528.8193359375 -4527.39794921875 -4525.89990234375 -4524.36376953125 -4522.74462890625 -4521.0703125 -4519.4775390625 -4518.1357421875 -4517.248046875 -4516.7958984375 -4516.52294921875 -4516.16796875 -4515.45458984375 -4514.35498046875 -4513.06103515625 -4511.6591796875 -4510.14013671875 -4508.51123046875 -4506.798828125 -4504.93603515625 -4502.74267578125 -4500.23291015625 -4497.62744140625 -4495.08251953125
-4533.9052734375 -4536.57177734375 -4537.943359375 -4538.02880859375 -4538.13232421875 -4538.48876953125 -4538.28759765625 -4537.5439453125 -4537.1259765625 -4536.93359375 -4536.28369140625 -4535.10400390625 -4533.94677734375 -4532.88623046875 -4532.29931640625 -4532.17431640625 -4532.119140625 -4532.06396484375 -4531.5927734375 -4530.685546875 -4529.71826171875 -4528.6875 -4527.55859375 -4526.3271484375 -4525.02734375 -4523.70263671875 -4522.3134765625 -4520.8974609375 -4519.58447265625 -4518.4541015625 -4517.6328125 -4517.10009765625 -4516.6767578125 -4516.20166015625 -4515.3291015625 -4514.02294921875 -4512.5419921875 -4510.93310546875 -4509.20068359375 -4507.34716796875 -4505.37744140625 -4503.26904296875 -4500.810546875 -4497.99609375 -4495.0400390625 -4492.015625
-4532.32275390625 -4534.6171875 -4535.8056640625 -4535.9052734375 -4536.11083984375 -4536.59130859375 -4536.5419921875 -4535.9765625 -4535.72265625 -4535.630859375 -4534.947265625 -4533.60693359375 -4532.25 -4531.02197265625 -4530.36669921875 -4530.2724609375 -4530.28955078125 -4530.3212890625 -4529.95068359375 -4529.158203125 -4528.31298828125 -4527.40673828125 -4526.39990234375 -4525.29296875 -4524.134765625 -4522.9765625 -4521.78369140625 -4520.59521484375 -4519.52392578125 -4518.59619140625 -4517.85693359375 -4517.28564453125 -4516.7861328125 -4516.22705078125 -4515.228515625 -4513.751953125 -4512.10009765625 -4510.3173828125 -4508.373046875 -4506.25927734375 -4504.009765625 -4501.626953125 -4498.92138671875 -4495.87841796875 -4492.67626953125 -4489.38916015625
-4530.2607421875 -4531.86767578125 -4532.82470703125 -4533.1328125 -4533.31396484375 -4533.52978515625 -4533.6279296875 -4533.6396484375 -4533.76708984375 -4533.8466796875 -4533.23046875 -4531.89453125 -4530.47314453125 -4529.2734375 -4528.57275390625 -4528.353515625 -4528.3330078125 -4528.3193359375 -4528.05517578125 -4527.5185546875 -4526.8994140625 -4526.212890625 -4525.3349609375 -4524.2763671875 -4523.19384765625 -4522.1494140625 -4521.1142578125 -4520.12890625 -4519.2998046875 -4518.62890625 -4517.9814453125 -4517.3466796875 -4516.8134765625 -4516.23388671875 -4515.14599609375 -4513.5107421875 -4511.71435546875 -4509.82666015625 -4507.68505859375 -4505.26416015625 -4502.7001953125 -4500.00146484375 -4497.0859375 -4493.9296875 -4490.59765625 -4487.23583984375
-4528.107421875 -4529.35009765625 -4530.0517578125 -4530.2099609375 -4530.2607421875 -4530.30029296875 -4530.5078125 -4530.93701171875 -4531.51171875 -4532.18310546875 -4531.68115234375 -4530.00634765625 -4528.4541015625 -4527.17333984375 -4526.462890625 -4526.28955078125 -4526.30126953125 -4526.3857421875 -4526.23583984375 -4525.8369140625 -4525.4501953125 -4525.0751953125 -4524.32080078125 -4523.201171875 -4522.14501953125 -4521.21875 -4520.2978515625 -4519.4267578125 -4518.8154296875 -4518.47314453125 -4517.9150390625 -4517.146484375 -4516.6552734375 -4516.359375 -4515.2216796875 -4513.20263671875 -4511.26416015625 -4509.4111328125 -4507.11474609375 -4504.32373046875 -4501.4755859375 -4498.54443359375 -4495.47216796875 -4492.21044921875 -4488.736328125 -4485.10205078125
-4525.9287109375 -4526.77783203125 -4527.2109375 -4527.2255859375 -4527.17431640625 -4527.146484375 -4527.3876953125 -4527.9453125 -4528.65673828125 -4529.44384765625 -4529.06591796875 -4527.53125 -4526.1103515625 -4524.93310546875 -4524.2734375 -4524.1064453125 -4524.1201171875 -4524.240234375 -4524.20263671875 -4523.986328125 -4523.80224609375 -4523.6025390625 -4522.9599609375 -4521.88720703125 -4520.84423828125 -4519.9375 -4519.0830078125 -4518.3232421875 -4517.83251953125 -4517.58984375 -4517.09130859375 -4516.34521484375 -4515.85205078125 -4515.5439453125 -4514.396484375 -4512.37158203125 -4510.41845703125 -4508.5283203125 -4506.15576171875 -4503.2529296875 -4500.27978515625 -4497.236328125 -4494.091796875 -4490.80078125 -4487.3212890625 -4483.68310546875
-4523.7333984375 -4524.09375 -4524.25048828125 -4524.19580078125 -4524.08154296875 -4524.04296875 -4524.24658203125 -4524.70751953125 -4525.2607421875 -4525.65869140625 -4525.39794921875 -4524.4912109375 -4523.46484375 -4522.5859375 -4522.03173828125 -4521.8037109375 -4521.76611328125 -4521.83203125 -4521.908203125 -4521.96044921875 -4521.982421875 -4521.849609375 -4521.31005859375 -4520.36767578125 -4519.29443359375 -4518.2783203125 -4517.44189453125 -4516.82177734375 -4516.3779296875 -4516.01611328125 -4515.544921875 -4514.96337890625 -4514.4150390625 -4513.7900390625 -4512.671875 -4511.02587890625 -4509.19580078125 -4507.208984375 -4504.83740234375 -4502.06201171875 -4499.10205078125 -4496.04638671875 -4492.91064453125 -4489.67822265625 -4486.34326171875 -4482.9912109375
-4521.548828125 -4521.52490234375 -4521.41162109375 -4521.19140625 -4520.93896484375 -4520.771484375 -4520.90625 -4521.337890625 -4521.8203125 -4522.126953125 -4521.97021484375 -4521.36669921875 -4520.626953125 -4519.9658203125 -4519.5322265625 -4519.3388671875 -4519.29443359375 -4519.357421875 -4519.56884765625 -4519.8974609375 -4520.2080078125 -4520.3203125 -4519.8857421875 -4518.888671875 -4517.66064453125 -4516.4384765625 -4515.58349609375 -4515.12109375 -4514.75244140625 -4514.37109375 -4513.90869140625 -4513.37890625 -4512.8310546875 -4512.1669921875 -4511.111328125 -4509.63623046875 -4507.95166015625 -4506.0556640625 -4503.7236328125 -4500.95263671875 -4497.98583984375 -4494.93994140625 -4491.85498046875 -4488.72265625 -4485.52978515625 -4482.3330078125
-4519.341796875 -4519.013671875 -4518.65185546875 -4518.22998046875 -4517.7841796875 -4517.34912109375 -4517.40869140625 -4517.955078125 -4518.47802734375 -4518.8759765625 -4518.8017578125 -4518.2783203125 -4517.69140625 -4517.15380859375 -4516.84228515625 -4516.76123046875 -4516.7568359375 -4516.80078125 -4517.1611328125 -4517.83056640625 -4518.50634765625 -4519.08642578125 -4518.78271484375 -4517.55517578125 -4516.1103515625 -4514.49169921875 -4513.60205078125 -4513.44775390625 -4513.14892578125 -4512.74951171875 -4512.25732421875 -4511.72216796875 -4511.224609375 -4510.71435546875 -4509.7451171875 -4508.29541015625 -4506.76513671875 -4505.12646484375 -4502.85205078125 -4499.9375 -4496.91748046875 -4493.87890625 -4490.875 -4487.88671875 -4484.83984375 -4481.7119140625
-4517.0673828125 -4516.4453125 -4515.87646484375 -4515.33447265625 -4514.79833984375 -4514.275390625 -4514.2578125 -4514.73779296875 -4515.19482421875 -4515.55615234375 -4515.533203125 -4515.14453125 -4514.71484375 -4514.32080078125 -4514.14208984375 -4514.18603515625 -4514.2900390625 -4514.4404296875 -4514.93115234375 -4515.77001953125 -4516.64599609375 -4517.4375 -4517.31787109375 -4516.25341796875 -4514.98486328125 -4513.51025390625 -4512.59912109375 -4512.24951171875 -4511.712890625 -4511.11376953125 -4510.5087890625 -4509.94140625 -4509.453125 -4508.98583984375 -4508.11328125 -4506.8095703125 -4505.43896484375 -4503.9365234375 -4501.73876953125 -4498.84326171875 -4495.826171875 -4492.822265625 -4489.94775390625 -4487.1884765625 -4484.41796875 -4481.58056640625
-4514.72900390625 -4513.7763671875 -4513.041015625 -4512.50732421875 -4512.0029296875 -4511.56494140625 -4511.47119140625 -4511.71142578125 -4511.97314453125 -4512.1240234375 -4512.1220703125 -4511.9755859375 -4511.73583984375 -4511.50048828125 -4511.4619140625 -4511.642578125 -4511.90771484375 -4512.26123046875 -4512.8486328125 -4513.681640625 -4514.59375 -4515.3583984375 -4515.4619140625 -4514.91796875 -4514.24609375 -4513.556640625 -4512.64794921875 -4511.51611328125 -4510.396484375 -4509.39599609375 -4508.60888671875 -4508.01904296875 -4507.501953125 -4506.9482421875 -4506.18359375 -4505.17333984375 -4503.99365234375 -4502.53076171875 -4500.42724609375 -4497.68603515625 -4494.69677734375 -4491.70947265625 -4489.00732421875 -4486.59912109375 -4484.25537109375 -4481.93212890625
-4512.42138671875 -4511.0595703125 -4510.18798828125 -4509.79248046875 -4509.31103515625 -4508.7802734375 -4508.61328125 -4508.8037109375 -4508.9189453125 -4508.86865234375 -4508.873046875 -4508.93359375 -4508.828125 -4508.6259765625 -4508.708984375 -4509.1103515625 -4509.5234375 -4509.96826171875 -4510.61083984375 -4511.4853515625 -4512.4736328125 -4513.4912109375 -4513.78515625 -4513.42919921875 -4513.318359375 -4513.57373046875 -4512.697265625 -4510.66552734375 -4508.95068359375 -4507.51708984375 -4506.5712890625 -4506.0341796875 -4505.53369140625 -4504.99658203125 -4504.3583984375 -4503.58642578125 -4502.66064453125 -4501.47607421875 -4499.47900390625 -4496.66845703125 -4493.611328125 -4490.490234375 -4487.97509765625 -4486.083984375 -4484.2080078125 -4482.3173828125
