GEBCO_980kb/gebco_2019_n26.0_s25.0_w-22.0_e-21.0.asc
ncols        240
nrows        240
xllcorner    -22.000000000000
yllcorner    25.000000000000
cellsize     0.004166666667
NODATA_value  9.9692099683868690468e+36
[rows 120 to 139 of 240, columns 46 to 91 of 240]
-4714.96240234375 -4714.94873046875 -4714.8828125 -4714.77734375 -4714.57080078125 -4714.2841796875 -4713.9921875 -4713.59326171875 -4712.69970703125 -4711.32080078125 -4709.87255859375 -4708.50341796875 -4707.2255859375 -4706.01953125 -4704.84716796875 -4703.60302734375 -4702.06396484375 -4700.22021484375 -4698.287109375 -4696.4228515625 -4694.8466796875 -4693.5625 -4692.35205078125 -4691.005859375 -4689.15185546875 -4686.7900390625 -4684.2822265625 -4681.80615234375 -4679.50634765625 -4677.40625 -4675.4345703125 -4673.603515625 -4671.984375 -4670.59521484375 -4669.3779296875 -4668.24755859375 -4667.0087890625 -4665.671875 -4664.43994140625 -4663.33984375 -4662.22216796875 -4661.0908203125 -4660.0908203125 -4659.14501953125 -4657.904296875 -4656.35595703125
-4713.66064453125 -4713.8564453125 -4713.93701171875 -4713.94873046875 -4713.92578125 -4713.970703125 -4714.251953125 -4714.81201171875 -4713.9423828125 -4711.67529296875 -4709.7861328125 -4708.30517578125 -4706.8779296875 -4705.4208984375 -4704.1220703125 -4702.85693359375 -4701.294921875 -4699.4052734375 -4697.45263671875 -4695.5283203125 -4693.89697265625 -4692.54833984375 -4691.18994140625 -4689.68701171875 -4687.90478515625 -4685.841796875 -4683.62939453125 -4681.38671875 -4679.2509765625 -4677.275390625 -4675.45068359375 -4673.828125 -4672.1708984375 -4670.50927734375 -4669.13330078125 -4668.0029296875 -4666.73388671875 -4665.34912109375 -4664.2744140625 -4663.55712890625 -4662.5 -4661.11376953125 -4660.1162109375 -4659.44091796875 -4658.23095703125 -4656.4599609375
-4712.69873046875 -4712.93310546875 -4713.0390625 -4713.06396484375 -4713.07177734375 -4713.1796875 -4713.5390625 -4714.16015625 -4713.28076171875 -4710.935546875 -4708.96240234375 -4707.42431640625 -4705.9677734375 -4704.50634765625 -4703.2216796875 -4701.97802734375 -4700.4423828125 -4698.578125 -4696.64306640625 -4694.71826171875 -4693.04443359375 -4691.611328125 -4690.15869140625 -4688.6025390625 -4686.88720703125 -4685.00927734375 -4683.01123046875 -4680.95166015625 -4678.9248046875 -4676.986328125 -4675.1611328125 -4673.509765625 -4671.77099609375 -4669.97705078125 -4668.4560546875 -4667.20263671875 -4665.86767578125 -4664.47314453125 -4663.4130859375 -4662.72216796875 -4661.701171875 -4660.359375 -4659.408203125 -4658.78076171875 -4657.63232421875 -4655.93310546875
-4712.08740234375 -4712.21240234375 -4712.21826171875 -4712.12109375 -4711.9892578125 -4711.89306640625 -4711.84765625 -4711.66845703125 -4710.73779296875 -4709.07861328125 -4707.359375 -4705.8203125 -4704.462890625 -4703.2529296875 -4702.1396484375 -4700.96826171875 -4699.509765625 -4697.74462890625 -4695.8671875 -4694.017578125 -4692.31884765625 -4690.76611328125 -4689.2470703125 -4687.6865234375 -4686.03759765625 -4684.291015625 -4682.46240234375 -4680.55908203125 -4678.578125 -4676.55712890625 -4674.57421875 -4672.67431640625 -4670.8115234375 -4669.00244140625 -4667.33251953125 -4665.81103515625 -4664.37744140625 -4663.03466796875 -4661.85400390625 -4660.830078125 -4659.8232421875 -4658.83251953125 -4657.97705078125 -4657.16845703125 -4656.11376953125 -4654.79638671875
-4711.5771484375 -4711.63330078125 -4711.49267578125 -4711.185546875 -4710.8125 -4710.42578125 -4709.978515625 -4709.3427734375 -4708.33740234375 -4706.96484375 -4705.42626953125 -4703.92626953125 -4702.7236328125 -4701.83251953125 -4701.02392578125 -4700.10546875 -4698.74755859375 -4696.955078125 -4695.05908203125 -4693.216796875 -4691.50390625 -4689.91552734375 -4688.38623046875 -4686.85693359375 -4685.27880859375 -4683.64453125 -4681.96923828125 -4680.21630859375 -4678.23974609375 -4676.056640625 -4673.8515625 -4671.708984375 -4669.70654296875 -4667.8330078125 -4666.0107421875 -4664.25390625 -4662.71630859375 -4661.3759765625 -4660.04931640625 -4658.7509765625 -4657.74951171875 -4657.0439453125 -4656.345703125 -4655.5458984375 -4654.60107421875 -4653.5166015625
-4711.20458984375 -4711.21875 -4710.9140625 -4710.30908203125 -4709.6396484375 -4708.98046875 -4708.220703125 -4707.2763671875 -4706.19921875 -4704.96826171875 -4703.494140625 -4701.87646484375 -4700.81298828125 -4700.353515625 -4699.90380859375 -4699.42236328125 -4698.15625 -4696.13134765625 -4694.1513671875 -4692.28515625 -4690.5771484375 -4689.01220703125 -4687.52001953125 -4686.05712890625 -4684.55126953125 -4683.0029296875 -4681.4736328125 -4679.9501953125 -4677.9619140625 -4675.50927734375 -4673.064453125 -4670.65625 -4668.5380859375 -4666.66845703125 -4664.7158203125 -4662.650390625 -4661.0390625 -4659.833984375 -4658.3759765625 -4656.6455078125 -4655.64013671875 -4655.36962890625 -4654.849609375 -4654.06884765625 -4653.21630859375 -4652.3251953125
-4710.86181640625 -4710.9951171875 -4710.5615234375 -4709.5908203125 -4708.58251953125 -4707.6552734375 -4706.68212890625 -4705.5927734375 -4704.48095703125 -4703.31494140625 -4701.9404296875 -4700.41259765625 -4699.41796875 -4699.00634765625 -4698.58447265625 -4698.12939453125 -4696.91259765625 -4694.9609375 -4693.03955078125 -4691.21142578125 -4689.54736328125 -4688.03759765625 -4686.60546875 -4685.20263671875 -4683.7568359375 -4682.265625 -4680.78564453125 -4679.2919921875 -4677.29931640625 -4674.8046875 -4672.29150390625 -4669.81201171875 -4667.64990234375 -4665.7646484375 -4663.80078125 -4661.72119140625 -4660.103515625 -4658.89892578125 -4657.43212890625 -4655.68017578125 -4654.64892578125 -4654.3486328125 -4653.79150390625 -4652.9892578125 -4652.16943359375 -4651.36767578125
-4710.435546875 -4710.96337890625 -4710.42822265625 -4708.89599609375 -4707.5439453125 -4706.40185546875 -4705.31982421875 -4704.21875 -4703.11962890625 -4702.00048828125 -4700.79541015625 -4699.57080078125 -4698.57373046875 -4697.82177734375 -4697.08203125 -4696.2158203125 -4695.00048828125 -4693.45068359375 -4691.73681640625 -4689.9921875 -4688.40869140625 -4686.9921875 -4685.64453125 -4684.294921875 -4682.8974609375 -4681.44140625 -4679.92431640625 -4678.27392578125 -4676.29052734375 -4673.9755859375 -4671.5478515625 -4669.16796875 -4667.03271484375 -4665.13330078125 -4663.283203125 -4661.474609375 -4659.9189453125 -4658.59326171875 -4657.2451171875 -4655.8759765625 -4654.796875 -4654.00537109375 -4653.1796875 -4652.28076171875 -4651.4345703125 -4650.64794921875
-4709.62451171875 -4710.0546875 -4709.38134765625 -4707.6806640625 -4706.240234375 -4705.099609375 -4704.01708984375 -4702.91650390625 -4701.8623046875 -4700.84912109375 -4699.791015625 -4698.7060546875 -4697.677734375 -4696.6953125 -4695.64501953125 -4694.46044921875 -4693.20458984375 -4691.87109375 -4690.3115234375 -4688.62451171875 -4687.146484375 -4685.90478515625 -4684.689453125 -4683.419921875 -4682.0703125 -4680.63623046875 -4679.10986328125 -4677.4306640625 -4675.4658203125 -4673.21044921875 -4670.8076171875 -4668.42041015625 -4666.3388671875 -4664.572265625 -4662.86962890625 -4661.21337890625 -4659.75244140625 -4658.4931640625 -4657.29443359375 -4656.12060546875 -4654.9921875 -4653.89306640625 -4652.77197265625 -4651.65625 -4650.759765625 -4650.0732421875
-4708.4677734375 -4708.35693359375 -4707.5166015625 -4705.9775390625 -4704.6943359375 -4703.810546875 -4702.8017578125 -4701.66552734375 -4700.662109375 -4699.8076171875 -4698.869140625 -4697.85400390625 -4696.80322265625 -4695.69091796875 -4694.4111328125 -4692.890625 -4691.58447265625 -4690.458984375 -4688.98046875 -4687.212890625 -4685.8310546875 -4684.8876953125 -4683.82275390625 -4682.63037109375 -4681.31689453125 -4679.90087890625 -4678.40185546875 -4676.78955078125 -4674.86083984375 -4672.5947265625 -4670.15771484375 -4667.59765625 -4665.57421875 -4664.09423828125 -4662.52490234375 -4660.90234375 -4659.52392578125 -4658.42529296875 -4657.37939453125 -4656.36767578125 -4655.2099609375 -4653.8779296875 -4652.49267578125 -4651.03515625 -4650.09423828125 -4649.65185546875
-4707.56884765625 -4707.15625 -4706.23828125 -4704.84814453125 -4703.68896484375 -4702.86279296875 -4701.86767578125 -4700.73291015625 -4699.75537109375 -4698.95556640625 -4698.07568359375 -4697.10205078125 -4696.0625 -4694.93310546875 -4693.6259765625 -4692.083984375 -4690.76708984375 -4689.64501953125 -4688.2021484375 -4686.48876953125 -4685.14697265625 -4684.21923828125 -4683.15234375 -4681.94970703125 -4680.63427734375 -4679.2275390625 -4677.74267578125 -4676.162109375 -4674.3095703125 -4672.1640625 -4669.86474609375 -4667.42529296875 -4665.4658203125 -4663.994140625 -4662.4130859375 -4660.7861328125 -4659.43603515625 -4658.39697265625 -4657.4140625 -4656.447265625 -4655.2978515625 -4653.9404296875 -4652.515625 -4651.02099609375 -4650.04931640625 -4649.58642578125
-4707.07080078125 -4706.47216796875 -4705.56787109375 -4704.43701171875 -4703.33544921875 -4702.31982421875 -4701.240234375 -4700.11328125 -4699.1298828125 -4698.29638671875 -4697.4287109375 -4696.47900390625 -4695.48046875 -4694.4306640625 -4693.279296875 -4692.0263671875 -4690.740234375 -4689.41357421875 -4687.9755859375 -4686.474609375 -4685.119140625 -4683.9208984375 -4682.69189453125 -4681.3818359375 -4680.02490234375 -4678.623046875 -4677.12939453125 -4675.52099609375 -4673.779296875 -4671.9072265625 -4669.93896484375 -4667.93896484375 -4666.0498046875 -4664.28125 -4662.52978515625 -4660.84619140625 -4659.470703125 -4658.408203125 -4657.41357421875 -4656.38671875 -4655.28076171875 -4654.08642578125 -4652.8330078125 -4651.60107421875 -4650.61376953125 -4649.86328125
-4706.8330078125 -4706.099609375 -4705.1923828125 -4704.1572265625 -4703.07275390625 -4701.9599609375 -4700.77880859375 -4699.52978515625 -4698.52783203125 -4697.76806640625 -4696.921875 -4695.96044921875 -4695.00390625 -4694.07177734375 -4693.0869140625 -4692.087890625 -4690.84716796875 -4689.37353515625 -4687.92138671875 -4686.5 -4685.11767578125 -4683.75830078125 -4682.375 -4680.91845703125 -4679.509765625 -4678.1357421875 -4676.64111328125 -4675.01513671875 -4673.38330078125 -4671.7705078125 -4670.1083984375 -4668.46484375 -4666.64599609375 -4664.6572265625 -4662.71533203125 -4660.818359375 -4659.40869140625 -4658.46337890625 -4657.4853515625 -4656.41357421875 -4655.35986328125 -4654.33251953125 -4653.23779296875 -4652.140625 -4651.14697265625 -4650.2529296875
-4706.61083984375 -4705.84765625 -4704.9501953125 -4703.95068359375 -4702.8740234375 -4701.7314453125 -4700.5205078125 -4699.25439453125 -4698.23681640625 -4697.46240234375 -4696.6123046875 -4695.6572265625 -4694.70751953125 -4693.7880859375 -4692.833984375 -4691.88330078125 -4690.67919921875 -4689.234375 -4687.83154296875 -4686.46240234375 -4685.07763671875 -4683.65576171875 -4682.19921875 -4680.68505859375 -4679.2373046875 -4677.8427734375 -4676.3486328125 -4674.75439453125 -4673.20068359375 -4671.71240234375 -4670.19921875 -4668.6943359375 -4666.94921875 -4664.96923828125 -4663.02197265625 -4661.123046875 -4659.70703125 -4658.74853515625 -4657.759765625 -4656.69140625 -4655.67333984375 -4654.71484375 -4653.70166015625 -4652.66845703125 -4651.67138671875 -4650.70849609375
-4706.37646484375 -4705.6630859375 -4704.791015625 -4703.80859375 -4702.74267578125 -4701.60986328125 -4700.4326171875 -4699.26611328125 -4698.24072265625 -4697.35693359375 -4696.48193359375 -4695.556640625 -4694.5751953125 -4693.546875 -4692.4814453125 -4691.3876953125 -4690.20751953125 -4688.9462890625 -4687.66943359375 -4686.3720703125 -4685.0166015625 -4683.59619140625 -4682.13671875 -4680.65478515625 -4679.18505859375 -4677.7216796875 -4676.22607421875 -4674.69970703125 -4673.1904296875 -4671.703125 -4670.19921875 -4668.65185546875 -4666.9833984375 -4665.2060546875 -4663.42724609375 -4661.74951171875 -4660.3623046875 -4659.25634765625 -4658.2265625 -4657.19873046875 -4656.19580078125 -4655.2158203125 -4654.220703125 -4653.21337890625 -4652.21240234375 -4651.21826171875
-4706.31494140625 -4705.59814453125 -4704.72509765625 -4703.7431640625 -4702.6787109375 -4701.55029296875 -4700.3837890625 -4699.23486328125 -4698.201171875 -4697.2919921875 -4696.4228515625 -4695.52587890625 -4694.49658203125 -4693.33056640625 -4692.119140625 -4690.90087890625 -4689.740234375 -4688.63134765625 -4687.50244140625 -4686.31201171875 -4684.99755859375 -4683.56982421875 -4682.1083984375 -4680.64697265625 -4679.1640625 -4677.66015625 -4676.16259765625 -4674.673828125 -4673.19775390625 -4671.72216796875 -4670.21630859375 -4668.65966796875 -4667.06396484375 -4665.439453125 -4663.80322265625 -4662.24072265625 -4660.8994140625 -4659.7822265625 -4658.75146484375 -4657.74267578125 -4656.748046875 -4655.76220703125 -4654.76953125 -4653.765625 -4652.7578125 -4651.75146484375
-4706.4248046875 -4705.6494140625 -4704.74951171875 -4703.7529296875 -4702.677734375 -4701.53662109375 -4700.345703125 -4699.1435546875 -4698.08837890625 -4697.20068359375 -4696.357421875 -4695.54443359375 -4694.46923828125 -4693.12255859375 -4691.7724609375 -4690.4091796875 -4689.2734375 -4688.35302734375 -4687.3759765625 -4686.32275390625 -4685.03564453125 -4683.54150390625 -4682.05078125 -4680.619140625 -4679.1279296875 -4677.5771484375 -4676.0927734375 -4674.6474609375 -4673.21875 -4671.78173828125 -4670.29833984375 -4668.7353515625 -4667.20703125 -4665.7177734375 -4664.166015625 -4662.6142578125 -4661.31640625 -4660.28369140625 -4659.2880859375 -4658.2978515625 -4657.31201171875 -4656.328125 -4655.33447265625 -4654.32470703125 -4653.30078125 -4652.27490234375
-4706.5361328125 -4705.75634765625 -4704.84521484375 -4703.83447265625 -4702.74267578125 -4701.5830078125 -4700.36669921875 -4699.126953125 -4698.025390625 -4697.0791015625 -4696.16357421875 -4695.28125 -4694.173828125 -4692.8349609375 -4691.50439453125 -4690.16650390625 -4689.07177734375 -4688.20751953125 -4687.2890625 -4686.27490234375 -4684.97998046875 -4683.42919921875 -4681.86083984375 -4680.36376953125 -4678.8681640625 -4677.376953125 -4675.97412109375 -4674.6103515625 -4673.26025390625 -4671.90380859375 -4670.509765625 -4669.03857421875 -4667.578125 -4666.1328125 -4664.6259765625 -4663.119140625 -4661.85107421875 -4660.83251953125 -4659.85107421875 -4658.87646484375 -4657.89501953125 -4656.90576171875 -4655.9130859375 -4654.90283203125 -4653.84375 -4652.7451171875
-4706.65234375 -4705.92041015625 -4705.01513671875 -4703.9892578125 -4702.87841796875 -4701.69970703125 -4700.46044921875 -4699.201171875 -4698.03173828125 -4696.95263671875 -4695.85791015625 -4694.72607421875 -4693.59716796875 -4692.4736328125 -4691.3203125 -4690.16650390625 -4689.12451171875 -4688.1953125 -4687.2548828125 -4686.201171875 -4684.86669921875 -4683.25439453125 -4681.54150390625 -4679.85107421875 -4678.353515625 -4677.0556640625 -4675.81005859375 -4674.56640625 -4673.3173828125 -4672.07080078125 -4670.83154296875 -4669.56787109375 -4668.17529296875 -4666.6650390625 -4665.16650390625 -4663.7548828125 -4662.50439453125 -4661.41650390625 -4660.4228515625 -4659.4716796875 -4658.48681640625 -4657.46923828125 -4656.4833984375 -4655.505859375 -4654.39453125 -4653.1474609375
-4706.9404296875 -4706.19921875 -4705.28369140625 -4704.22607421875 -4703.087890625 -4701.89208984375 -4700.61669921875 -4699.27392578125 -4698.0390625 -4696.89306640625 -4695.626953125 -4694.21630859375 -4693.0634765625 -4692.1806640625 -4691.19140625 -4690.14794921875 -4689.14990234375 -4688.21826171875 -4687.28466796875 -4686.28515625 -4684.908203125 -4683.13623046875 -4681.240234375 -4679.26416015625 -4677.76513671875 -4676.74755859375 -4675.6689453125 -4674.5322265625 -4673.3642578125 -4672.20947265625 -4671.125 -4670.126953125 -4668.79345703125 -4667.1396484375 -4665.6220703125 -4664.26611328125 -4663.033203125 -4661.9140625 -4660.92578125 -4660.03662109375 -4659.0380859375 -4657.9384765625 -4656.95849609375 -4656.0986328125 -4654.93408203125 -4653.453125
