GEBCO_980kb/gebco_2019_n26.0_s25.0_w-22.0_e-21.0.asc
ncols        240
nrows        240
xllcorner    -22.000000000000
yllcorner    25.000000000000
cellsize     0.004166666667
NODATA_value  9.9692099683868690468e+36
[rows 80 to 99 of 240, columns 138 to 183 of 240]
-4610.09912109375 -4610.681640625 -4611.3525390625 -4612.0361328125 -4612.595703125 -4613.013671875 -4613.39111328125 -4613.77685546875 -4614.2392578125 -4614.767578125 -4615.26220703125 -4615.60791015625 -4615.5615234375 -4615.11083984375 -4614.443359375 -4613.48291015625 -4611.87451171875 -4609.6044921875 -4607.01171875 -4604.20556640625 -4601.162109375 -4597.8798828125 -4594.40869140625 -4590.78515625 -4587.0390625 -4583.18017578125 -4579.22607421875 -4575.2939453125 -4571.6728515625 -4568.3798828125 -4565.1669921875 -4562.0009765625 -4559.03125 -4556.27392578125 -4553.6201171875 -4551.18798828125 -4549.3984375 -4548.2490234375 -4547.3271484375 -4546.56201171875 -4546.1845703125 -4546.18408203125 -4546.31494140625 -4546.63134765625 -4547.51611328125 -4548.94873046875
-4608.50634765625 -4609.240234375 -4610.04736328125 -4610.8603515625 -4611.611328125 -4612.29345703125 -4612.95849609375 -4613.623046875 -4614.2314453125 -4614.7685546875 -4615.2470703125 -4615.5986328125 -4615.70947265625 -4615.5537109375 -4615.16455078125 -4614.44580078125 -4613.10205078125 -4611.1328125 -4608.8330078125 -4606.28515625 -4603.37890625 -4600.11669921875 -4596.64599609375 -4593.0263671875 -4589.2822265625 -4585.42529296875 -4581.48095703125 -4577.552734375 -4573.8525390625 -4570.40185546875 -4567.04248046875 -4563.75537109375 -4560.63720703125 -4557.70947265625 -4554.927734375 -4552.39501953125 -4550.388671875 -4548.912109375 -4547.705078125 -4546.712890625 -4546.07177734375 -4545.76513671875 -4545.62451171875 -4545.705078125 -4546.3388671875 -4547.49267578125
-4606.810546875 -4607.744140625 -4608.7236328125 -4609.7119140625 -4610.65478515625 -4611.55859375 -4612.4892578125 -4613.4599609375 -4614.23046875 -4614.78271484375 -4615.31494140625 -4615.76513671875 -4616.04931640625 -4616.1435546875 -4616.07080078125 -4615.78857421875 -4614.70751953125 -4612.83837890625 -4610.78759765625 -4608.5849609375 -4605.826171875 -4602.50439453125 -4599.02197265625 -4595.4052734375 -4591.66796875 -4587.8056640625 -4583.81396484375 -4579.7451171875 -4575.947265625 -4572.44140625 -4568.93310546875 -4565.4443359375 -4562.1591796875 -4559.10009765625 -4556.1318359375 -4553.30517578125 -4551.0830078125 -4549.46826171875 -4548.00927734375 -4546.69140625 -4545.81103515625 -4545.3408203125 -4544.9306640625 -4544.564453125 -4544.98583984375 -4546.14794921875
-4605.18359375 -4606.26318359375 -4607.39501953125 -4608.53662109375 -4609.65185546875 -4610.75048828125 -4611.88037109375 -4613.04248046875 -4613.99267578125 -4614.7158203125 -4615.4208984375 -4616.05126953125 -4616.52197265625 -4616.8125 -4616.9560546875 -4616.9091796875 -4616.0712890625 -4614.45361328125 -4612.6669921875 -4610.7138671875 -4608.12744140625 -4604.90087890625 -4601.4931640625 -4597.94482421875 -4594.2373046875 -4590.3662109375 -4586.35302734375 -4582.23876953125 -4578.32568359375 -4574.6328125 -4570.91015625 -4567.21240234375 -4563.744140625 -4560.5234375 -4557.392578125 -4554.3837890625 -4551.9501953125 -4550.0908203125 -4548.361328125 -4546.7783203125 -4545.697265625 -4545.08935546875 -4544.5478515625 -4544.033203125 -4544.29638671875 -4545.29296875
-4603.6171875 -4604.81298828125 -4606.07666015625 -4607.33251953125 -4608.59619140625 -4609.8740234375 -4611.14306640625 -4612.38232421875 -4613.52490234375 -4614.5654296875 -4615.55078125 -4616.44140625 -4617.1083984375 -4617.5341796875 -4617.791015625 -4617.78369140625 -4617.16552734375 -4615.943359375 -4614.45654296875 -4612.701171875 -4610.30908203125 -4607.2880859375 -4604.03466796875 -4600.6435546875 -4596.99365234375 -4593.08984375 -4589.09326171875 -4585.06689453125 -4581.0263671875 -4576.98291015625 -4572.96435546875 -4569.041015625 -4565.37744140625 -4561.98388671875 -4558.73193359375 -4555.66455078125 -4553.0283203125 -4550.81591796875 -4548.77880859375 -4546.95263671875 -4545.71044921875 -4545.03125 -4544.51123046875 -4544.1376953125 -4544.29248046875 -4544.951171875
-4601.95654296875 -4603.404296875 -4604.82373046875 -4606.16650390625 -4607.55859375 -4609.01123046875 -4610.408203125 -4611.75390625 -4613.087890625 -4614.41748046875 -4615.71337890625 -4616.9501953125 -4617.82080078125 -4618.3154296875 -4618.70947265625 -4618.94873046875 -4618.53076171875 -4617.46826171875 -4616.27197265625 -4614.9521484375 -4612.7548828125 -4609.69677734375 -4606.5732421875 -4603.44287109375 -4599.86083984375 -4595.8330078125 -4591.8330078125 -4587.8974609375 -4583.7314453125 -4579.33203125 -4574.99365234375 -4570.7470703125 -4566.89013671875 -4563.4189453125 -4560.0341796875 -4556.75732421875 -4553.93994140625 -4551.55859375 -4549.2255859375 -4546.93310546875 -4545.55859375 -4545.0849609375 -4544.6064453125 -4544.130859375 -4544.1953125 -4544.80224609375
-4600.66552734375 -4602.22314453125 -4603.75927734375 -4605.2158203125 -4606.7119140625 -4608.2587890625 -4609.7470703125 -4611.20556640625 -4612.71240234375 -4614.2744140625 -4615.8232421875 -4617.29833984375 -4618.36767578125 -4619.021484375 -4619.55517578125 -4619.9365234375 -4619.69384765625 -4618.83642578125 -4617.84716796875 -4616.72021484375 -4614.70361328125 -4611.8154296875 -4608.845703125 -4605.841796875 -4602.3359375 -4598.3369140625 -4594.341796875 -4590.37841796875 -4586.11376953125 -4581.54345703125 -4577.0126953125 -4572.5810546875 -4568.5537109375 -4564.92822265625 -4561.40673828125 -4558.00146484375 -4555.0419921875 -4552.5068359375 -4550.03076171875 -4547.6142578125 -4546.13232421875 -4545.5703125 -4545.02783203125 -4544.4912109375 -4544.44873046875 -4544.90478515625
-4599.7294921875 -4601.26318359375 -4602.8876953125 -4604.4921875 -4606.0712890625 -4607.6259765625 -4609.15185546875 -4610.701171875 -4612.35986328125 -4614.126953125 -4615.89453125 -4617.51806640625 -4618.78125 -4619.66796875 -4620.33056640625 -4620.73388671875 -4620.64208984375 -4620.0576171875 -4619.201171875 -4618.0234375 -4616.16943359375 -4613.65478515625 -4610.86474609375 -4607.8671875 -4604.44091796875 -4600.60302734375 -4596.623046875 -4592.54638671875 -4588.20849609375 -4583.61865234375 -4579.00146484375 -4574.51904296875 -4570.34423828125 -4566.4873046875 -4562.82958984375 -4559.390625 -4556.32861328125 -4553.63720703125 -4551.16357421875 -4548.96826171875 -4547.3984375 -4546.4453125 -4545.7421875 -4545.220703125 -4545.05078125 -4545.21875
-4598.650390625 -4600.32421875 -4602.0986328125 -4603.84814453125 -4605.50048828125 -4607.05517578125 -4608.57177734375 -4610.13720703125 -4611.9384765625 -4613.97509765625 -4616.04052734375 -4617.95166015625 -4619.40869140625 -4620.40966796875 -4621.212890625 -4621.796875 -4621.8447265625 -4621.359375 -4620.6474609375 -4619.65673828125 -4617.94677734375 -4615.5341796875 -4612.884765625 -4610.056640625 -4606.70263671875 -4602.83740234375 -4598.8525390625 -4594.79248046875 -4590.3916015625 -4585.6494140625 -4580.87548828125 -4576.248046875 -4571.93408203125 -4567.9365234375 -4564.134765625 -4560.55859375 -4557.41162109375 -4554.69580078125 -4552.22265625 -4550.03076171875 -4548.38525390625 -4547.28173828125 -4546.44140625 -4545.80419921875 -4545.5087890625 -4545.53369140625
-4597.42822265625 -4599.39794921875 -4601.36865234375 -4603.29052734375 -4605.013671875 -4606.53955078125 -4608.015625 -4609.48095703125 -4611.41357421875 -4613.8232421875 -4616.24365234375 -4618.60546875 -4620.234375 -4621.16015625 -4622.1015625 -4623.07080078125 -4623.2451171875 -4622.6376953125 -4622.0888671875 -4621.57275390625 -4619.98779296875 -4617.35205078125 -4614.7998046875 -4612.37451171875 -4609.0859375 -4604.939453125 -4600.94189453125 -4597.09814453125 -4592.6591796875 -4587.59326171875 -4582.60595703125 -4577.755859375 -4573.3232421875 -4569.28515625 -4565.3359375 -4561.49169921875 -4558.26708984375 -4555.662109375 -4553.16650390625 -4550.79345703125 -4549.078125 -4548.0185546875 -4547.07568359375 -4546.22119140625 -4545.81689453125 -4545.84228515625
-4596.64111328125 -4598.67138671875 -4600.70703125 -4602.6962890625 -4604.48583984375 -4606.078125 -4607.63134765625 -4609.1884765625 -4611.22705078125 -4613.75341796875 -4616.2958984375 -4618.7763671875 -4620.51171875 -4621.52978515625 -4622.556640625 -4623.61279296875 -4623.888671875 -4623.39697265625 -4622.96728515625 -4622.56396484375 -4621.08056640625 -4618.533203125 -4616.05810546875 -4613.70361328125 -4610.4853515625 -4606.408203125 -4602.4716796875 -4598.6748046875 -4594.26416015625 -4589.20947265625 -4584.21728515625 -4579.33984375 -4574.84423828125 -4570.7119140625 -4566.6591796875 -4562.7216796875 -4559.427734375 -4556.77880859375 -4554.25146484375 -4551.8388671875 -4550.0517578125 -4548.88818359375 -4547.83203125 -4546.87060546875 -4546.37109375 -4546.31787109375
-4596.28515625 -4598.13720703125 -4600.10498046875 -4602.06103515625 -4603.90966796875 -4605.65576171875 -4607.3994140625 -4609.2421875 -4611.36669921875 -4613.76025390625 -4616.19921875 -4618.4736328125 -4620.2529296875 -4621.5283203125 -4622.5771484375 -4623.41357421875 -4623.765625 -4623.63720703125 -4623.29052734375 -4622.64306640625 -4621.23876953125 -4619.08935546875 -4616.66845703125 -4614.04833984375 -4610.9052734375 -4607.2529296875 -4603.4560546875 -4599.5380859375 -4595.22119140625 -4590.509765625 -4585.7255859375 -4581.0244140625 -4576.5185546875 -4572.22119140625 -4568.091796875 -4564.22412109375 -4560.8681640625 -4558.02880859375 -4555.4775390625 -4553.18603515625 -4551.3251953125 -4549.89111328125 -4548.697265625 -4547.734375 -4547.15380859375 -4546.93896484375
-4595.77587890625 -4597.587890625 -4599.5302734375 -4601.49365234375 -4603.390625 -4605.2333984375 -4607.126953125 -4609.14794921875 -4611.3603515625 -4613.74169921875 -4616.1611328125 -4618.4228515625 -4620.23583984375 -4621.56640625 -4622.61279296875 -4623.39990234375 -4623.8154296875 -4623.86083984375 -4623.63671875 -4623.044921875 -4621.703125 -4619.62353515625 -4617.2041015625 -4614.53515625 -4611.4619140625 -4607.99853515625 -4604.34423828125 -4600.5107421875 -4596.30126953125 -4591.74609375 -4587.12158203125 -4582.5595703125 -4578.05517578125 -4573.6298828125 -4569.37548828125 -4565.41552734375 -4561.9990234375 -4559.12841796875 -4556.57275390625 -4554.28564453125 -4552.3544921875 -4550.7744140625 -4549.44384765625 -4548.375 -4547.72900390625 -4547.48876953125
-4595.10546875 -4596.99267578125 -4598.93896484375 -4600.94287109375 -4602.8671875 -4604.73583984375 -4606.73388671875 -4608.884765625 -4611.20166015625 -4613.66162109375 -4616.1865234375 -4618.6376953125 -4620.50732421875 -4621.75732421875 -4622.80029296875 -4623.6298828125 -4624.09765625 -4624.212890625 -4624.1357421875 -4623.845703125 -4622.55126953125 -4620.2666015625 -4617.8125 -4615.22412109375 -4612.21337890625 -4608.78662109375 -4605.25390625 -4601.6396484375 -4597.517578125 -4592.92431640625 -4588.3740234375 -4583.95703125 -4579.455078125 -4574.87158203125 -4570.45703125 -4566.2548828125 -4562.7841796875 -4560.03662109375 -4557.48681640625 -4555.12939453125 -4553.13037109375 -4551.4873046875 -4550.02978515625 -4548.75439453125 -4548.0615234375 -4547.93359375
-4594.72509765625 -4596.4833984375 -4598.28271484375 -4600.1728515625 -4602.0888671875 -4604.052734375 -4606.17529296875 -4608.44482421875 -4610.8798828125 -4613.46435546875 -4616.1162109375 -4618.6904296875 -4620.646484375 -4621.95654296875 -4623.0791015625 -4623.9970703125 -4624.49658203125 -4624.58837890625 -4624.50244140625 -4624.23779296875 -4622.970703125 -4620.71533203125 -4618.3251953125 -4615.8271484375 -4612.8818359375 -4609.49267578125 -4606.0146484375 -4602.4736328125 -4598.40478515625 -4593.84033203125 -4589.326171875 -4584.9521484375 -4580.47607421875 -4575.89892578125 -4571.4853515625 -4567.27685546875 -4563.7724609375 -4560.96044921875 -4558.32861328125 -4555.88671875 -4553.8212890625 -4552.12646484375 -4550.61083984375 -4549.27734375 -4548.55517578125 -4548.43505859375
-4594.67919921875 -4596.0830078125 -4597.5537109375 -4599.12548828125 -4601.00341796875 -4603.1875 -4605.4775390625 -4607.845703125 -4610.39892578125 -4613.142578125 -4615.93505859375 -4618.578125 -4620.6357421875 -4622.10791015625 -4623.39453125 -4624.4951171875 -4625.00537109375 -4624.9296875 -4624.66796875 -4624.1767578125 -4622.9189453125 -4620.9033203125 -4618.6826171875 -4616.32177734375 -4613.44775390625 -4610.06640625 -4606.57763671875 -4602.99365234375 -4598.94970703125 -4594.462890625 -4589.953125 -4585.53955078125 -4581.1181640625 -4576.701171875 -4572.45556640625 -4568.4931640625 -4564.98388671875 -4561.9140625 -4559.10791015625 -4556.55712890625 -4554.431640625 -4552.71337890625 -4551.2060546875 -4549.9365234375 -4549.19482421875 -4548.98681640625
-4594.591796875 -4595.7060546875 -4596.84130859375 -4597.96923828125 -4599.806640625 -4602.33349609375 -4604.78564453125 -4607.15869140625 -4609.79736328125 -4612.7451171875 -4615.72412109375 -4618.67578125 -4620.810546875 -4622.17041015625 -4623.61328125 -4625.1552734375 -4625.666015625 -4625.14453125 -4624.71484375 -4624.33837890625 -4623.08203125 -4620.94775390625 -4618.87158203125 -4616.904296875 -4614.10107421875 -4610.466796875 -4606.962890625 -4603.58056640625 -4599.5546875 -4594.88232421875 -4590.3291015625 -4585.96240234375 -4581.60791015625 -4577.27490234375 -4573.17919921875 -4569.3837890625 -4565.90087890625 -4562.70556640625 -4559.74609375 -4556.98681640625 -4554.82666015625 -4553.23095703125 -4551.73388671875 -4550.34326171875 -4549.56982421875 -4549.43701171875
-4594.37353515625 -4595.37890625 -4596.42236328125 -4597.48974609375 -4599.3154296875 -4601.8740234375 -4604.37255859375 -4606.77880859375 -4609.4169921875 -4612.328125 -4615.25341796875 -4618.16015625 -4620.29052734375 -4621.68896484375 -4623.1845703125 -4624.76416015625 -4625.2705078125 -4624.70068359375 -4624.20263671875 -4623.77001953125 -4622.51708984375 -4620.4453125 -4618.447265625 -4616.5546875 -4613.82177734375 -4610.25341796875 -4606.8056640625 -4603.46728515625 -4599.4833984375 -4594.85009765625 -4590.32958984375 -4586.005859375 -4581.73193359375 -4577.5224609375 -4573.5703125 -4569.90673828125 -4566.4951171875 -4563.3115234375 -4560.35205078125 -4557.60107421875 -4555.455078125 -4553.87548828125 -4552.396484375 -4551.001953125 -4550.1591796875 -4549.8935546875
-4594.00830078125 -4595.07958984375 -4596.27099609375 -4597.650390625 -4599.4970703125 -4601.80126953125 -4604.25146484375 -4606.73583984375 -4609.287109375 -4611.908203125 -4614.52294921875 -4617.005859375 -4619.046875 -4620.6552734375 -4622.119140625 -4623.3525390625 -4623.853515625 -4623.6181640625 -4623.1328125 -4622.44287109375 -4621.197265625 -4619.3994140625 -4617.421875 -4615.2822265625 -4612.61865234375 -4609.439453125 -4606.12109375 -4602.66796875 -4598.74853515625 -4594.3798828125 -4589.955078125 -4585.6455078125 -4581.45703125 -4577.42041015625 -4573.6220703125 -4570.08642578125 -4566.7890625 -4563.7197265625 -4560.900390625 -4558.3798828125 -4556.29931640625 -4554.6318359375 -4553.193359375 -4551.94384765625 -4550.99267578125 -4550.3515625
-4593.541015625 -4594.73193359375 -4596.0771484375 -4597.603515625 -4599.4814453125 -4601.724609375 -4604.1708984375 -4606.69384765625 -4609.12841796875 -4611.45849609375 -4613.77587890625 -4616.00244140625 -4617.916015625 -4619.5126953125 -4620.97265625 -4622.19140625 -4622.6865234375 -4622.45849609375 -4621.97705078125 -4621.287109375 -4620.048828125 -4618.2626953125 -4616.2822265625 -4614.134765625 -4611.53369140625 -4608.4912109375 -4605.31640625 -4601.9921875 -4598.13525390625 -4593.76904296875 -4589.34619140625 -4585.0595703125 -4580.9404296875 -4577.0205078125 -4573.36279296875 -4569.98095703125 -4566.81982421875 -4563.875 -4561.20556640625 -4558.8486328125 -4556.86767578125 -4555.244140625 -4553.8779296875 -4552.703125 -4551.625 -4550.64453125
