GEBCO_980kb/gebco_2019_n26.0_s25.0_w-22.0_e-21.0.asc
ncols        240
nrows        240
xllcorner    -22.000000000000
yllcorner    25.000000000000
cellsize     0.004166666667
NODATA_value  9.9692099683868690468e+36
[rows 20 to 39 of 240, columns 184 to 229 of 240]
-4614.8095703125 -4613.830078125 -4612.50048828125 -4610.84814453125 -4609.28857421875 -4607.83935546875 -4606.3125 -4604.681640625 -4603.07470703125 -4601.39892578125 -4599.3994140625 -4597.068359375 -4594.66748046875 -4592.37158203125 -4590.5419921875 -4589.1865234375 -4587.9873046875 -4586.91455078125 -4586.125 -4585.615234375 -4585.19873046875 -4584.7978515625 -4584.17822265625 -4583.33154296875 -4582.455078125 -4581.51708984375 -4580.36962890625 -4579.00537109375 -4577.5634765625 -4576.0927734375 -4574.59912109375 -4573.109375 -4571.697265625 -4570.4501953125 -4569.396484375 -4568.54248046875 -4567.87060546875 -4567.2802734375 -4566.4140625 -4565.24658203125 -4564.064453125 -4562.8427734375 -4561.599609375 -4560.3203125 -4558.94580078125 -4557.43505859375
-4615.38916015625 -4614.34228515625 -4613.01708984375 -4611.4365234375 -4609.9677734375 -4608.615234375 -4607.2177734375 -4605.7451171875 -4604.291015625 -4602.7841796875 -4601.05078125 -4599.09228515625 -4597.0908203125 -4595.17041015625 -4593.64794921875 -4592.5380859375 -4591.5634765625 -4590.67431640625 -4589.94873046875 -4589.37744140625 -4588.849609375 -4588.333984375 -4587.6181640625 -4586.68798828125 -4585.7197265625 -4584.6806640625 -4583.4443359375 -4582.00439453125 -4580.478515625 -4578.9052734375 -4577.28857421875 -4575.66357421875 -4574.1123046875 -4572.7021484375 -4571.4052734375 -4570.232421875 -4569.22900390625 -4568.32421875 -4567.16455078125 -4565.7197265625 -4564.27099609375 -4562.8017578125 -4561.35888671875 -4559.92333984375 -4558.40771484375 -4556.8046875
-4615.8349609375 -4614.49267578125 -4613.13232421875 -4611.76171875 -4610.431640625 -4609.1533203125 -4607.92041015625 -4606.712890625 -4605.49072265625 -4604.1865234375 -4602.73095703125 -4601.13720703125 -4599.51318359375 -4597.99609375 -4596.7724609375 -4595.86376953125 -4595.125 -4594.4560546875 -4593.79150390625 -4593.11083984375 -4592.4228515625 -4591.71337890625 -4590.9091796875 -4589.9912109375 -4588.9912109375 -4587.8740234375 -4586.55908203125 -4585.044921875 -4583.41357421875 -4581.70751953125 -4579.93310546875 -4578.125 -4576.353515625 -4574.6767578125 -4573.11962890625 -4571.6875 -4570.36083984375 -4569.06298828125 -4567.642578125 -4566.0810546875 -4564.4833984375 -4562.87744140625 -4561.26123046875 -4559.626953125 -4557.96875 -4556.30078125
-4616.26123046875 -4614.61962890625 -4613.2119140625 -4612.0283203125 -4610.841796875 -4609.64013671875 -4608.59033203125 -4607.69091796875 -4606.7568359375 -4605.71044921875 -4604.52294921875 -4603.21728515625 -4601.87451171875 -4600.62451171875 -4599.677734375 -4599.06494140625 -4598.62548828125 -4598.22314453125 -4597.63134765625 -4596.82763671875 -4595.98095703125 -4595.1259765625 -4594.251953125 -4593.33447265625 -4592.33935546875 -4591.20947265625 -4589.81689453125 -4588.16748046875 -4586.39794921875 -4584.5498046875 -4582.58642578125 -4580.533203125 -4578.48486328125 -4576.5087890625 -4574.68115234375 -4573.00439453125 -4571.404296875 -4569.81494140625 -4568.1533203125 -4566.41796875 -4564.68017578125 -4562.9580078125 -4561.18408203125 -4559.35546875 -4557.54638671875 -4555.787109375
-4616.791015625 -4614.740234375 -4613.29931640625 -4612.44287109375 -4611.39208984375 -4610.14892578125 -4609.27392578125 -4608.78662109375 -4608.16455078125 -4607.3818359375 -4606.4365234375 -4605.357421875 -4604.2080078125 -4603.0712890625 -4602.361328125 -4602.12158203125 -4602.0205078125 -4602.01123046875 -4601.50830078125 -4600.49462890625 -4599.51611328125 -4598.552734375 -4597.63671875 -4596.7373046875 -4595.7646484375 -4594.69970703125 -4593.22119140625 -4591.34326171875 -4589.40966796875 -4587.44189453125 -4585.2724609375 -4582.91162109375 -4580.55078125 -4578.228515625 -4576.126953125 -4574.248046875 -4572.41064453125 -4570.58447265625 -4568.67724609375 -4566.7080078125 -4564.80615234375 -4563.0078125 -4561.0830078125 -4559.02880859375 -4557.07666015625 -4555.21337890625
-4617.7431640625 -4615.6640625 -4614.22900390625 -4613.4150390625 -4612.4326171875 -4611.2861328125 -4610.5439453125 -4610.2265625 -4609.79736328125 -4609.21875 -4608.4814453125 -4607.60986328125 -4606.6611328125 -4605.71533203125 -4605.18310546875 -4605.10400390625 -4605.14306640625 -4605.251953125 -4604.8466796875 -4603.91259765625 -4602.99365234375 -4602.0634765625 -4601.14208984375 -4600.20166015625 -4599.166015625 -4598.02001953125 -4596.4365234375 -4594.4296875 -4592.349609375 -4590.212890625 -4587.8388671875 -4585.23681640625 -4582.61669921875 -4580.02587890625 -4577.6513671875 -4575.49658203125 -4573.3828125 -4571.28125 -4569.0986328125 -4566.86083984375 -4564.71142578125 -4562.708984375 -4560.64208984375 -4558.51025390625 -4556.52685546875 -4554.6591796875
-4619.10498046875 -4617.365234375 -4615.97412109375 -4614.92578125 -4613.94580078125 -4613.02294921875 -4612.37158203125 -4611.99169921875 -4611.6455078125 -4611.21826171875 -4610.65966796875 -4609.97998046875 -4609.24560546875 -4608.572265625 -4608.162109375 -4608.03515625 -4608.01611328125 -4607.96630859375 -4607.6650390625 -4607.0986328125 -4606.43603515625 -4605.68701171875 -4604.79443359375 -4603.74169921875 -4602.55322265625 -4601.18603515625 -4599.4775390625 -4597.43505859375 -4595.2294921875 -4592.8876953125 -4590.310546875 -4587.521484375 -4584.68408203125 -4581.90234375 -4579.25341796875 -4576.74560546875 -4574.3173828125 -4571.90234375 -4569.41015625 -4566.85400390625 -4564.35693359375 -4562.00439453125 -4559.80322265625 -4557.75537109375 -4555.869140625 -4554.11181640625
-4620.5439453125 -4618.9853515625 -4617.65234375 -4616.548828125 -4615.5615234375 -4614.70361328125 -4614.12890625 -4613.82958984375 -4613.61328125 -4613.35693359375 -4612.96435546875 -4612.4306640625 -4611.8408203125 -4611.2978515625 -4610.98291015625 -4610.8974609375 -4610.85986328125 -4610.76708984375 -4610.5732421875 -4610.28076171875 -4609.908203125 -4609.408203125 -4608.5595703125 -4607.36181640625 -4606.02880859375 -4604.54296875 -4602.6982421875 -4600.49755859375 -4598.15234375 -4595.6796875 -4592.88427734375 -4589.794921875 -4586.68359375 -4583.6640625 -4580.736328125 -4577.908203125 -4575.1982421875 -4572.53173828125 -4569.7119140625 -4566.73779296875 -4563.8173828125 -4561.09423828125 -4558.76171875 -4556.8193359375 -4555.083984375 -4553.4677734375
-4621.96435546875 -4620.49267578125 -4619.22119140625 -4618.15234375 -4617.150390625 -4616.2451171875 -4615.7470703125 -4615.65283203125 -4615.6328125 -4615.6044921875 -4615.380859375 -4614.94677734375 -4614.453125 -4613.9267578125 -4613.70556640625 -4613.77734375 -4613.779296875 -4613.66845703125 -4613.56298828125 -4613.49267578125 -4613.38818359375 -4613.25830078125 -4612.4443359375 -4610.96630859375 -4609.51220703125 -4608.05712890625 -4606.07177734375 -4603.55908203125 -4601.048828125 -4598.5703125 -4595.53369140625 -4591.96533203125 -4588.51611328125 -4585.26171875 -4582.05126953125 -4578.88818359375 -4575.93603515625 -4573.1484375 -4570.01025390625 -4566.50341796875 -4563.11376953125 -4559.91796875 -4557.462890625 -4555.7373046875 -4554.18408203125 -4552.74658203125
-4623.40576171875 -4622.0419921875 -4620.8369140625 -4619.7890625 -4618.78515625 -4617.888671875 -4617.462890625 -4617.50634765625 -4617.6474609375 -4617.7900390625 -4617.748046875 -4617.5087890625 -4617.212890625 -4616.861328125 -4616.74951171875 -4616.86669921875 -4616.890625 -4616.8046875 -4616.7294921875 -4616.6953125 -4616.63623046875 -4616.54296875 -4615.72802734375 -4614.2119140625 -4612.7109375 -4611.18896484375 -4609.06201171875 -4606.3359375 -4603.60400390625 -4600.90478515625 -4597.611328125 -4593.74609375 -4589.998046875 -4586.45458984375 -4582.96142578125 -4579.51953125 -4576.2939453125 -4573.2353515625 -4569.8173828125 -4566.021484375 -4562.35302734375 -4558.931640625 -4556.373046875 -4554.66552734375 -4553.1806640625 -4551.82958984375
-4624.87744140625 -4623.66552734375 -4622.53662109375 -4621.48291015625 -4620.47119140625 -4619.607421875 -4619.24755859375 -4619.3876953125 -4619.65673828125 -4619.90380859375 -4620.0517578125 -4620.10595703125 -4620.12646484375 -4620.138671875 -4620.15234375 -4620.16845703125 -4620.177734375 -4620.1572265625 -4620.052734375 -4619.86865234375 -4619.6435546875 -4619.2763671875 -4618.41796875 -4617.08056640625 -4615.60546875 -4613.9580078125 -4611.68310546875 -4608.79638671875 -4605.7802734375 -4602.6787109375 -4599.11962890625 -4595.1171875 -4591.1064453125 -4587.228515625 -4583.4580078125 -4579.7919921875 -4576.263671875 -4572.79443359375 -4569.1396484375 -4565.291015625 -4561.51318359375 -4558.0625 -4555.423828125 -4553.58935546875 -4552.07568359375 -4550.70849609375
-4626.34375 -4625.26513671875 -4624.23291015625 -4623.224609375 -4622.1826171875 -4621.13916015625 -4620.84521484375 -4621.296875 -4621.732421875 -4622.09814453125 -4622.41552734375 -4622.71923828125 -4623.0419921875 -4623.41259765625 -4623.55029296875 -4623.4658203125 -4623.46484375 -4623.53466796875 -4623.3798828125 -4622.98828125 -4622.6103515625 -4622.1650390625 -4621.23291015625 -4619.82666015625 -4618.3740234375 -4616.88525390625 -4614.4423828125 -4611.07373046875 -4607.74853515625 -4604.49609375 -4600.67236328125 -4596.27490234375 -4591.95947265625 -4587.7919921875 -4583.75634765625 -4579.84130859375 -4576.0478515625 -4572.333984375 -4568.47412109375 -4564.45703125 -4560.50634765625 -4556.7607421875 -4554.06298828125 -4552.400390625 -4550.9169921875 -4549.5107421875
-4627.8212890625 -4626.88427734375 -4625.98779296875 -4625.109375 -4624.193359375 -4623.26025390625 -4623.0341796875 -4623.51416015625 -4623.970703125 -4624.384765625 -4624.81103515625 -4625.28271484375 -4625.7978515625 -4626.3408203125 -4626.5830078125 -4626.5341796875 -4626.53857421875 -4626.595703125 -4626.39697265625 -4625.9248046875 -4625.4443359375 -4624.8837890625 -4623.84375 -4622.33203125 -4620.74609375 -4619.0859375 -4616.44189453125 -4612.84326171875 -4609.259765625 -4605.7392578125 -4601.6767578125 -4597.0732421875 -4592.552734375 -4588.16357421875 -4583.88623046875 -4579.7119140625 -4575.65478515625 -4571.70166015625 -4567.67431640625 -4563.56689453125 -4559.5703125 -4555.79931640625 -4553.0673828125 -4551.36376953125 -4549.86083984375 -4548.47412109375
-4629.306640625 -4628.52099609375 -4627.79931640625 -4627.1337890625 -4626.50830078125 -4625.99462890625 -4625.83837890625 -4626.0390625 -4626.349609375 -4626.716796875 -4627.1904296875 -4627.7744140625 -4628.3994140625 -4628.9638671875 -4629.2900390625 -4629.380859375 -4629.3974609375 -4629.3544921875 -4629.12353515625 -4628.69482421875 -4628.16455078125 -4627.44482421875 -4626.2705078125 -4624.6376953125 -4622.7685546875 -4620.60302734375 -4617.7216796875 -4614.14599609375 -4610.3388671875 -4606.40478515625 -4602.125 -4597.525390625 -4592.90673828125 -4588.36669921875 -4583.86865234375 -4579.41552734375 -4575.07421875 -4570.85302734375 -4566.68701171875 -4562.58642578125 -4558.67822265625 -4555.16455078125 -4552.42236328125 -4550.447265625 -4548.8701171875 -4547.55224609375
-4630.7626953125 -4630.12353515625 -4629.59228515625 -4629.173828125 -4628.83349609375 -4628.59765625 -4628.515625 -4628.5810546875 -4628.73974609375 -4628.99658203125 -4629.4921875 -4630.21875 -4630.9951171875 -4631.6845703125 -4632.08251953125 -4632.1943359375 -4632.2119140625 -4632.15625 -4631.896484375 -4631.44091796875 -4630.91943359375 -4630.22705078125 -4628.90869140625 -4626.96484375 -4624.81787109375 -4622.4208984375 -4619.27978515625 -4615.40283203125 -4611.31103515625 -4607.1259765625 -4602.61962890625 -4597.82666015625 -4593.0732421875 -4588.43359375 -4583.72216796875 -4578.9423828125 -4574.3134765625 -4569.87744140625 -4565.58349609375 -4561.431640625 -4557.521484375 -4554.03173828125 -4551.291015625 -4549.29541015625 -4547.71826171875 -4546.42724609375
-4632.1923828125 -4631.66943359375 -4631.32470703125 -4631.1708984375 -4631.0859375 -4631.08203125 -4631.0849609375 -4631.0791015625 -4631.11474609375 -4631.177734375 -4631.6904296875 -4632.6494140625 -4633.61474609375 -4634.537109375 -4634.98486328125 -4634.9794921875 -4634.98291015625 -4635.0009765625 -4634.68994140625 -4634.08349609375 -4633.5849609375 -4633.1923828125 -4631.712890625 -4629.1689453125 -4626.77978515625 -4624.49609375 -4621.0927734375 -4616.5625 -4612.123046875 -4607.85302734375 -4603.09765625 -4597.884765625 -4592.94091796875 -4588.3251953125 -4583.40771484375 -4578.181640625 -4573.27685546875 -4568.69384765625 -4564.294921875 -4560.05029296875 -4556.05615234375 -4552.38134765625 -4549.654296875 -4547.86181640625 -4546.35693359375 -4545.07421875
-4633.65869140625 -4633.29296875 -4633.1171875 -4633.14404296875 -4633.2431640625 -4633.40380859375 -4633.51318359375 -4633.55712890625 -4633.6181640625 -4633.701171875 -4634.22265625 -4635.18115234375 -4636.1513671875 -4637.0849609375 -4637.537109375 -4637.5302734375 -4637.53369140625 -4637.52783203125 -4637.1103515625 -4636.31591796875 -4635.61181640625 -4635.01953125 -4633.3330078125 -4630.5810546875 -4628.00927734375 -4625.55029296875 -4621.9033203125 -4617.06396484375 -4612.32763671875 -4607.7939453125 -4602.779296875 -4597.3046875 -4592.123046875 -4587.2998046875 -4582.201171875 -4576.81787109375 -4571.78466796875 -4567.1123046875 -4562.67529296875 -4558.439453125 -4554.47900390625 -4550.84375 -4548.15087890625 -4546.38134765625 -4544.888671875 -4543.6220703125
-4635.14697265625 -4634.9765625 -4634.95263671875 -4635.0791015625 -4635.3095703125 -4635.595703125 -4635.83447265625 -4636.01904296875 -4636.2421875 -4636.56298828125 -4637.08349609375 -4637.79931640625 -4638.5869140625 -4639.3173828125 -4639.72705078125 -4639.82421875 -4639.85400390625 -4639.77099609375 -4639.1875 -4638.11962890625 -4636.96533203125 -4635.68505859375 -4633.73779296875 -4631.1435546875 -4628.45361328125 -4625.5810546875 -4621.70703125 -4616.8466796875 -4611.857421875 -4606.91015625 -4601.63427734375 -4596.04443359375 -4590.580078125 -4585.32568359375 -4580.07373046875 -4574.8212890625 -4569.8017578125 -4565.0888671875 -4560.68359375 -4556.57666015625 -4552.78857421875 -4549.4287109375 -4546.796875 -4544.8720703125 -4543.32275390625 -4542.0615234375
-4636.5517578125 -4636.5439453125 -4636.662109375 -4636.9072265625 -4637.2802734375 -4637.7509765625 -4638.12890625 -4638.41259765625 -4638.79052734375 -4639.29638671875 -4639.8134765625 -4640.337890625 -4640.96875 -4641.6328125 -4641.9677734375 -4641.98291015625 -4642.037109375 -4642.10986328125 -4641.32861328125 -4639.697265625 -4638.07861328125 -4636.4365234375 -4634.1875 -4631.35546875 -4628.556640625 -4625.7861328125 -4621.6767578125 -4616.2568359375 -4610.9619140625 -4605.87939453125 -4600.35546875 -4594.380859375 -4588.611328125 -4583.0830078125 -4577.69970703125 -4572.45458984375 -4567.447265625 -4562.72607421875 -4558.384765625 -4554.4267578125 -4550.78955078125 -4547.537109375 -4544.9970703125 -4543.14208984375 -4541.59326171875 -4540.2646484375
-4637.80126953125 -4637.94140625 -4638.19921875 -4638.57470703125 -4639.07861328125 -4639.6826171875 -4640.19970703125 -4640.6259765625 -4641.13818359375 -4641.7373046875 -4642.25048828125 -4642.671875 -4643.1611328125 -4643.6845703125 -4643.91259765625 -4643.84716796875 -4643.80615234375 -4643.73583984375 -4642.7431640625 -4640.82470703125 -4638.85205078125 -4636.8251953125 -4634.232421875 -4631.09814453125 -4627.97802734375 -4624.876953125 -4620.50146484375 -4614.8837890625 -4609.390625 -4604.09228515625 -4598.36572265625 -4592.20556640625 -4586.24462890625 -4580.53955078125 -4575.05517578125 -4569.7900390625 -4564.7958984375 -4560.1103515625 -4555.8466796875 -4552.01220703125 -4548.52587890625 -4545.4296875 -4543.0205078125 -4541.2705078125 -4539.82958984375 -4538.6201171875
